Sample	tumor.purity	StromalScore	ImmuneScore	ESTIMATEScore	fit	lwr.p	upr.p
1	0.86	-3055.720924	-1015.809251	-4071.530175	0.999973096	0.763515272	1.236430921
2	0.93	-2724.852654	-1342.747646	-4067.6003	0.999968699	0.763510826	1.236426571
3	0.96	-1814.681205	-1214.197638	-3028.878843	0.987166001	0.75061312	1.223718882
4	0.91	-1988.054426	-926.7658736	-2914.8203	0.984354047	0.747785904	1.220922191
5	0.91	-1586.87158	-1319.716001	-2906.587581	0.984140395	0.747571147	1.220709643
6	0.96	-1552.365302	-1292.563451	-2844.928753	0.982494577	0.745917068	1.219072087
7	0.98	-1425.230961	-1375.259832	-2800.490792	0.981258513	0.744675072	1.217841954
8	0.98	-1414.726784	-1309.723505	-2724.450289	0.97904659	0.74245308	1.215640101
9	0.98	-1201.317387	-1498.58446	-2699.901847	0.978306448	0.741709716	1.21490318
10	0.96	-1330.521802	-1318.606145	-2649.127947	0.976735305	0.740131969	1.21333864
11	0.8	-1395.459825	-1225.207586	-2620.667411	0.975830889	0.73922389	1.212437887
12	0.6	-1646.632113	-969.3477586	-2615.979872	0.975680295	0.739072696	1.212287894
13	0.88	-1215.175734	-1400.596167	-2615.771901	0.975673603	0.739065977	1.212281228
14	0.95	-1618.326804	-967.7065503	-2586.033354	0.97470732	0.738095907	1.211318733
15	1	-1101.921102	-1408.210288	-2510.13139	0.972156913	0.735536012	1.208777815
16	0.98	-1060.232204	-1430.875122	-2491.107326	0.971498753	0.734875518	1.208121988
17	0.96	-1268.754754	-1139.412004	-2408.166757	0.968540881	0.731907705	1.205174056
18	0.95	-1238.167834	-1093.110165	-2331.277999	0.965670593	0.729028577	1.202312608
19	0.92	-907.1947952	-1380.919419	-2288.114215	0.964005338	0.727358534	1.200652141
20	0.89	-1079.268876	-1183.920791	-2263.189667	0.963026121	0.726376614	1.199675629
21	0.81	-793.3573947	-1462.678599	-2256.035994	0.962742692	0.726092417	1.199392967
22	1	-1168.625847	-1068.054054	-2236.679901	0.96197048	0.725318147	1.198622813
23	0.96	-906.6468163	-1310.998843	-2217.645659	0.961203535	0.724549207	1.197857864
24	0.94	-1280.526291	-919.9138231	-2200.440114	0.960503817	0.723847708	1.197159926
25	0.93	-1274.055158	-915.6254049	-2189.680563	0.960063132	0.723405922	1.196720342
26	0.94	-1593.241376	-539.9947245	-2133.236101	0.957712094	0.72104926	1.194374928
27	0.95	-1370.842197	-761.6414105	-2132.483608	0.957680307	0.721017399	1.194343214
28	0.98	-1390.299572	-712.3906531	-2102.690225	0.956412363	0.719746596	1.193078131
29	0.94	-1155.340546	-938.3182759	-2093.658822	0.956024392	0.719357772	1.192691012
30	0.9	-989.1950246	-1091.524727	-2080.719751	0.955465627	0.718797799	1.192133455
31	0.94	-1332.434354	-736.2805227	-2068.714877	0.954944122	0.718275186	1.191613059
32	0.97	-944.0090169	-1100.8741	-2044.883117	0.95390006	0.717228961	1.190571159
33	0.94	-1031.934199	-986.9410284	-2018.875227	0.952747341	0.71607394	1.189420743
34	0.99	-1107.734345	-889.7218803	-1997.456226	0.951787583	0.715112332	1.188462835
35	0.81	-1164.725609	-820.9726121	-1985.698221	0.951256722	0.714580472	1.187932971
36	0.96	-1308.118941	-663.6929133	-1971.811854	0.950626117	0.713948706	1.187303529
37	0.94	-1250.322802	-714.3820406	-1964.704843	0.950301847	0.713623848	1.186979847
38	0.95	-1387.791183	-558.730301	-1946.521484	0.949467492	0.71278801	1.186146974
39	0.94	-944.3335738	-960.6119232	-1904.945497	0.947534345	0.710851591	1.184217099
40	0.99	-1324.91266	-561.8224404	-1886.7351	0.946676503	0.709992368	1.183360639
41	0.94	-1048.960074	-831.1897817	-1880.149855	0.946364625	0.709679998	1.183049252
42	0.81	-889.7632618	-982.7648061	-1872.528068	0.946002552	0.709317361	1.182687743
43	0.93	-686.1711538	-1180.756862	-1866.928016	0.945735766	0.709050165	1.182421368
44	0.91	-1096.338905	-758.4186578	-1854.757562	0.945153765	0.708467282	1.181840248
45	0.96	-1064.727579	-767.2613182	-1831.988897	0.94405685	0.707368756	1.180744943
46	0.99	-1272.459994	-545.1135179	-1817.573512	0.943356914	0.706667827	1.180046001
47	0.91	-1016.2114	-764.67886	-1780.89026	0.941556724	0.704865203	1.178248245
48	0.95	-1494.657664	-280.9604579	-1775.618122	0.941295755	0.704603895	1.177987614
49	0.77	-1360.057827	-401.6340799	-1761.691907	0.9406037	0.70391096	1.177296441
50	0.95	-1024.651396	-712.4088682	-1737.060264	0.939370024	0.702675772	1.176064275
51	0.94	-1054.614072	-679.4183047	-1734.032376	0.939217524	0.702523091	1.175911956
52	0.95	-1147.624286	-579.163538	-1726.787824	0.938851899	0.702157036	1.175546762
53	0.85	-1080.491504	-633.1252242	-1713.616729	0.938184447	0.701488816	1.174880079
54	0.95	-1165.250426	-519.6670232	-1684.917449	0.936717956	0.700020711	1.173415201
55	0.91	-1611.994873	-48.74248397	-1660.737357	0.935469484	0.698770946	1.172168022
56	0.92	-1580.668016	-58.64271657	-1639.310733	0.934353331	0.697653697	1.171052964
57	0.96	-1087.474264	-549.8549413	-1637.329205	0.934249642	0.69754991	1.170949374
58	0.96	-740.3883753	-891.1308403	-1631.519216	0.933945164	0.697245144	1.170645184
59	0.85	-1297.483089	-310.1777931	-1607.660882	0.932687724	0.69598656	1.169388888
60	0.92	-927.0224991	-665.0455936	-1592.068093	0.931859733	0.695157853	1.168561613
61	0.98	-879.1165354	-703.9387652	-1583.055301	0.931378919	0.694676637	1.168081201
62	0.52	-834.2924225	-747.145881	-1581.438304	0.931292483	0.694590129	1.167994836
63	0.86	-710.3922853	-822.4669584	-1532.859244	0.928671264	0.691966898	1.16537563
64	0.83	-1277.541961	-245.4950085	-1523.03697	0.928135532	0.691430789	1.164840275
65	0.91	-1237.566036	-265.5280211	-1503.094057	0.92704186	0.690336384	1.163747337
66	0.87	-951.6959573	-545.1106198	-1496.806577	0.926695407	0.689989707	1.163401106
67	0.92	-1374.377318	-76.08460251	-1450.46192	0.924117383	0.687410171	1.160824596
68	0.84	-1145.470685	-266.0737666	-1411.544452	0.921919474	0.685211165	1.158627782
69	0.89	-820.5698044	-582.8092432	-1403.379048	0.921454502	0.684745984	1.15816302
70	0.96	-420.2822827	-975.6991443	-1395.981427	0.921032108	0.684323406	1.157740811
71	0.93	-857.9352734	-535.689927	-1393.6252	0.920897343	0.684188583	1.157606103
72	0.9	-794.5953455	-593.2420925	-1387.837438	0.920565842	0.683856944	1.15727474
73	0.92	-1362.558975	-11.95496714	-1374.513942	0.919800198	0.683090994	1.156509402
74	0.89	-938.4281577	-428.254741	-1366.682899	0.91934854	0.682639165	1.156057914
75	0.91	-750.9187223	-611.4517726	-1362.370495	0.919099302	0.682389836	1.155808767
76	0.9	-818.6116995	-528.157925	-1346.769624	0.918194564	0.681484784	1.154904344
77	0.97	-792.2777894	-553.7934968	-1346.071286	0.918153953	0.681444159	1.154863746
78	0.9	-427.2992451	-917.015269	-1344.314514	0.918051747	0.681341919	1.154761574
79	0.93	-789.8999973	-548.3511676	-1338.251165	0.917698522	0.680988581	1.154408463
80	0.78	-917.024877	-414.2151641	-1331.240041	0.917289178	0.68057911	1.153999246
81	0.82	-781.3152882	-545.1331306	-1326.448419	0.917008861	0.680298709	1.153719012
82	0.94	-881.279064	-417.438873	-1298.717937	0.915377678	0.67866709	1.152088267
83	0.9	-718.1717334	-555.5310354	-1273.702769	0.913893206	0.677182292	1.150604119
84	0.99	-809.613737	-447.5412944	-1257.155031	0.912904442	0.676193348	1.149615536
85	0.94	-701.4831616	-554.5071181	-1255.99028	0.912834642	0.676123537	1.149545748
86	0.86	-720.1916332	-530.211319	-1250.402952	0.912499443	0.675788284	1.149210602
87	0.93	-739.2701825	-501.0645061	-1240.334689	0.911893869	0.675182622	1.148605117
88	0.69	-1130.002445	-107.3501556	-1237.3526	0.911714124	0.675002852	1.148425396
89	0.91	-890.7265372	-344.1543131	-1234.88085	0.911565007	0.674853716	1.148276298
90	0.82	-364.3296803	-866.6231948	-1230.952875	0.911327791	0.67461647	1.148039112
91	0.81	-868.7820885	-358.5548874	-1227.336976	0.911109154	0.674397808	1.147820501
92	0.71	-1154.041878	-71.8646957	-1225.906574	0.911022593	0.674311237	1.14773395
93	0.92	-294.3991785	-931.2244262	-1225.623605	0.911005465	0.674294106	1.147716823
94	0.81	-839.4504849	-383.3049082	-1222.755393	0.910831758	0.674120381	1.147543135
95	0.94	-1103.739019	-117.6538981	-1221.392917	0.910749186	0.6740378	1.147460572
96	0.94	-1141.710653	-78.17465666	-1219.885309	0.910657776	0.673946381	1.147369172
97	0.93	-950.5839218	-253.8093737	-1204.393296	0.909715875	0.673004396	1.146427354
98	0.9	-1251.892823	48.54789857	-1203.344924	0.909651965	0.672940481	1.146363449
99	0.94	-1043.968844	-157.0875501	-1201.056394	0.909512378	0.672800885	1.146223872
100	0.95	-556.6819484	-628.3378339	-1185.019782	0.908531363	0.671819814	1.145242912
101	0.48	-1024.366958	-149.501008	-1173.867966	0.907846199	0.671134627	1.144557771
102	0.74	-971.3800632	-202.230177	-1173.61024	0.907830335	0.671118763	1.144541908
103	0.96	-922.326645	-234.3132368	-1156.639882	0.90678293	0.670071347	1.143494513
104	0.82	-581.4879943	-550.034083	-1131.522077	0.905222341	0.668510795	1.141933886
105	0.9	-880.1275922	-247.6710828	-1127.798675	0.904989955	0.66827842	1.141701489
106	0.92	-774.5330016	-344.5960053	-1119.129007	0.904447814	0.667736311	1.141159318
107	0.93	-941.0580533	-172.7913324	-1113.849386	0.904116946	0.667405465	1.140828427
108	0.89	-1454.477672	349.1416827	-1105.335989	0.903582277	0.666870838	1.140293716
109	0.92	-768.0335736	-335.5675538	-1103.601127	0.903473149	0.666761719	1.140184578
110	0.81	-760.1241244	-340.8606947	-1100.984819	0.903308464	0.666597049	1.140019879
111	0.75	-885.5890966	-205.880857	-1091.469954	0.902708424	0.665997068	1.139419779
112	0.94	-1060.946632	-25.11788166	-1086.064514	0.902366754	0.665655436	1.139078071
113	0.89	-798.7587591	-275.4941572	-1074.252916	0.901618183	0.664906958	1.138329407
114	0.94	-1079.42399	25.85218861	-1053.571802	0.900300972	0.663589942	1.137012002
115	0.86	-671.840676	-372.3860665	-1044.226742	0.899703049	0.662992121	1.136413977
116	0.78	-264.2231252	-761.0251962	-1025.248321	0.898483548	0.661772852	1.135194243
117	0.89	-1041.126663	16.55840508	-1024.568258	0.898439719	0.661729033	1.135150406
118	0.96	-1092.555246	70.56965916	-1021.985587	0.89827319	0.661562539	1.134983842
119	0.93	-323.0717725	-691.9768072	-1015.04858	0.897825259	0.661114703	1.134535815
120	0.9	-841.5729683	-149.037424	-990.6103923	0.896239839	0.659529657	1.132950021
121	0.92	-797.1284278	-190.4283655	-987.5567934	0.896040927	0.659330796	1.132751058
122	0.9	-983.0882706	-1.943436368	-985.031707	0.895876306	0.659166218	1.132586395
123	0.86	-772.4117941	-197.1019426	-969.5137367	0.894861924	0.658152111	1.131571737
124	0.72	-881.3653343	-86.62770612	-967.9930404	0.894762269	0.658052484	1.131472054
125	0.78	-913.7952088	-47.03053985	-960.8257486	0.894291978	0.657582329	1.131001628
126	0.95	-1090.532047	132.2126483	-958.319399	0.894127287	0.657417687	1.130836888
127	0.64	-663.8237581	-283.8423446	-947.6661027	0.893425915	0.656716527	1.130135302
128	0.92	-884.5630863	-58.56513272	-943.1282191	0.893126494	0.6564172	1.129835788
129	0.94	-651.5048383	-287.1984628	-938.7033012	0.892834145	0.656124945	1.129543346
130	0.88	-794.458387	-99.15641855	-893.6148056	0.889833755	0.653125609	1.126541901
131	0.9	-1060.598469	205.6248152	-854.9736534	0.887231378	0.650524282	1.123938475
132	0.88	-265.4063459	-587.6200726	-853.0264185	0.887099481	0.650392441	1.123806521
133	0.86	-424.9488495	-424.7013716	-849.6502212	0.886870621	0.650163679	1.123577562
134	0.94	-670.6645896	-168.196849	-838.8614386	0.886137827	0.649431207	1.122844447
135	0.84	-641.302478	-185.9344429	-827.2369209	0.885345782	0.648639519	1.122052044
136	0.98	-711.4868619	-115.3311702	-826.8180322	0.885317192	0.648610943	1.122023442
137	0.8	-809.8121587	-5.262152684	-815.0743114	0.884514314	0.647808438	1.121220189
138	0.82	-992.2883869	200.2067572	-792.0816297	0.882934773	0.646229662	1.119639883
139	0.85	-915.3001054	132.196683	-783.1034224	0.88231526	0.645610461	1.119020059
140	0.77	-776.4415927	0.254895971	-776.1866968	0.881836949	0.645132394	1.118541503
141	0.98	-674.3582839	-87.8647124	-762.2229963	0.880868549	0.6441645	1.117572599
142	0.86	-909.7404193	156.0525599	-753.6878595	0.880274805	0.643571072	1.116978537
143	0.83	-816.1088295	74.67500334	-741.4338261	0.87941994	0.642716673	1.116123207
144	0.87	-853.4629127	113.9645949	-739.4983177	0.879284655	0.642581462	1.115987848
145	0.95	-831.2594533	107.644031	-723.6154224	0.878171818	0.641469249	1.114874388
146	0.83	-475.6657249	-232.2871603	-707.9528852	0.877069747	0.640367812	1.113771682
147	0.72	-668.1176997	-36.55565677	-704.6733564	0.8768384	0.640136601	1.1135402
148	0.77	-346.7374325	-352.8790582	-699.6164907	0.876481278	0.639779689	1.113182867
149	0.94	-512.4465105	-180.1457708	-692.5922813	0.875984418	0.639283124	1.112685711
150	0.9	-927.1072305	252.3352158	-674.7720147	0.874719717	0.63801919	1.111420244
151	0.96	-682.3226602	12.50631156	-669.8163486	0.87436695	0.637666641	1.11106726
152	0.88	-814.2758554	146.1397807	-668.1360746	0.874247236	0.637547001	1.110947471
153	0.9	-675.9702772	9.440584464	-666.5296927	0.874132736	0.637432572	1.1108329
154	0.88	-747.0171681	83.04892813	-663.9682399	0.87395006	0.63725001	1.11065011
155	0.58	-978.4103371	316.3705118	-662.0398253	0.87381245	0.637112486	1.110512414
156	0.93	159.3936736	-820.1670593	-660.7733857	0.873722039	0.637022132	1.110421947
157	0.79	-969.5612706	315.6446449	-653.9166257	0.873232014	0.636532415	1.109931612
158	0.82	-634.2385275	-14.54397877	-648.7825063	0.872864519	0.636165154	1.109563884
159	0.77	-767.1768438	120.3730883	-646.8037554	0.87272275	0.636023476	1.109422025
160	0.85	-1094.325812	449.907036	-644.4187759	0.872551779	0.635852614	1.109250944
161	0.91	-878.561485	235.2330348	-643.3284502	0.872473581	0.635774467	1.109172696
162	0.85	-650.6963966	7.578431452	-643.1179651	0.872458483	0.635759378	1.109157588
163	0.93	-623.674613	-9.125004761	-632.7996177	0.87171731	0.635018684	1.108415935
164	0.93	-595.0510729	-34.37493285	-629.4260058	0.871474547	0.634776081	1.108173014
165	0.93	-844.9297059	220.6961628	-624.2335431	0.871100484	0.634402263	1.107798706
166	0.91	-567.8513208	-54.50984557	-622.3611664	0.870965475	0.634267343	1.107663607
167	0.95	-608.732477	-10.66005137	-619.3925284	0.870751284	0.634053293	1.107449274
168	0.87	-339.7068953	-267.3975647	-607.10446	0.869862925	0.633165527	1.106560322
169	0.91	-485.5893369	-117.2639057	-602.8532426	0.869554926	0.632857737	1.106252115
170	0.92	-735.6399387	151.5555783	-584.0843604	0.868191085	0.631494828	1.104887341
171	0.85	-394.0755492	-189.1674379	-583.2429871	0.868129792	0.631433578	1.104826006
172	0.86	-514.1172551	-66.36373337	-580.4809885	0.867928491	0.631232417	1.104624566
173	0.86	-581.3048763	16.51444591	-564.7904304	0.866782222	0.63008695	1.103477493
174	0.78	-130.1418791	-432.901948	-563.0438272	0.866654339	0.629959158	1.103349521
175	0.98	-598.3663647	36.21772855	-562.1486362	0.866588774	0.629893639	1.103283909
176	0.92	-740.1757933	178.2047058	-561.9710875	0.866575768	0.629880642	1.103270894
177	0.9	-223.7508642	-333.6612726	-557.4121368	0.866241613	0.629546724	1.102936501
178	0.91	-511.9825833	-40.86805258	-552.8506358	0.865906882	0.629212232	1.102601532
179	0.83	-316.3960728	-236.1321419	-552.5282146	0.865883208	0.629188575	1.10257784
180	0.93	-556.9521183	13.36507782	-543.5870405	0.86522591	0.628531749	1.10192007
181	0.86	-920.020363	378.6948881	-541.3254748	0.865059418	0.628365378	1.101753458
182	0.58	-204.5791958	-335.0474383	-539.6266341	0.86493429	0.62824034	1.101628239
183	0.91	-563.4913448	25.23517242	-538.2561724	0.864833309	0.628139433	1.101527185
184	0.86	-229.3250915	-297.6679099	-526.9930015	0.864002073	0.627308804	1.100695343
185	0.75	-664.0433505	141.4070108	-522.6363397	0.863679913	0.62698688	1.100372946
186	0.87	-519.9642827	2.637531132	-517.3267515	0.863286809	0.626594067	1.099979551
187	0.89	-558.1044191	44.77086048	-513.3335586	0.862990821	0.626298298	1.099683344
188	0.89	-439.4512998	-64.63258716	-504.083887	0.862304068	0.625612058	1.098996078
189	0.87	-1026.350961	523.4553887	-502.8955723	0.862215725	0.625523781	1.098907669
190	0.89	-951.3388283	471.4369896	-479.9018387	0.860501135	0.62381049	1.09719178
191	0.91	-510.9063729	31.45696098	-479.4494119	0.8604673	0.623776681	1.097157919
192	0.93	-895.530741	417.6455414	-477.8851996	0.860350291	0.623659762	1.097040821
193	0.82	-427.0368884	-47.11487892	-474.1517673	0.860070833	0.623380518	1.096761147
194	0.89	-801.2690261	333.578529	-467.6904971	0.859586577	0.622896635	1.096276519
195	0.93	-411.6671336	-46.94004136	-458.6071749	0.858904498	0.622215085	1.09559391
196	0.76	-663.3719334	204.7649598	-458.6069736	0.858904482	0.62221507	1.095593895
197	0.79	-658.548511	200.8124225	-457.7360885	0.858839006	0.622149644	1.095528368
198	0.96	-414.6286058	-41.09459282	-455.7231986	0.858687616	0.621998373	1.09537686
199	0.92	-524.8366224	70.101357	-454.7352654	0.858613286	0.621924101	1.095302472
200	0.83	-466.9900219	14.50173153	-452.4882904	0.858444161	0.621755108	1.095133215
201	0.76	-688.8968332	243.6519325	-445.2449007	0.857898331	0.621209705	1.094586957
202	0.67	-239.8190378	-199.4699102	-439.288948	0.85744879	0.620760518	1.094137061
203	0.86	-33.44701542	-389.1791515	-422.6261669	0.856187642	0.619500372	1.092874911
204	0.87	-722.3486404	307.5148031	-414.8338374	0.855596109	0.618909314	1.092282905
205	0.91	-382.6305595	-31.78635057	-414.4169101	0.855564428	0.618877658	1.092251198
206	0.76	-956.6850929	552.7217172	-403.9633757	0.854769039	0.61808291	1.091455168
207	0.85	-701.0921176	305.8751331	-395.2169845	0.854101997	0.61741641	1.090787585
208	0.97	-548.6177897	164.8949977	-383.7227921	0.853223254	0.616538384	1.089908124
209	0.9	-980.4337139	597.082398	-383.3513159	0.853194814	0.616509967	1.089879661
210	0.95	-535.9130296	158.3996422	-377.5133874	0.852747528	0.616063048	1.089432007
211	0.97	-383.6150632	8.50353339	-375.1115298	0.852563322	0.615878995	1.08924765
212	0.8	-773.094304	405.1494714	-367.9448326	0.852013058	0.615329184	1.088696931
213	0.93	-384.0844356	22.50824063	-361.5761949	0.851523277	0.614839809	1.088206745
214	0.92	-540.9734108	191.1997042	-349.7737066	0.850613639	0.613930929	1.087296349
215	0.89	-529.0496329	182.4443136	-346.6053193	0.850369011	0.613686506	1.087051517
216	0.5	-614.919448	270.9703765	-343.9490715	0.850163783	0.61348145	1.086846117
217	0.84	-344.8991469	3.208186773	-341.6909601	0.849989215	0.613307027	1.086671402
218	0.81	-633.8551289	300.8500705	-333.0050584	0.849316861	0.612635239	1.085998483
219	0.89	-451.2909314	122.3234305	-328.9675009	0.849003853	0.612322495	1.085685211
220	0.89	-852.5156761	523.6618777	-328.8537984	0.848995034	0.612313684	1.085676385
221	0.94	-484.2288961	155.5330191	-328.695877	0.848982785	0.612301445	1.085664125
222	0.85	-609.9460813	285.2263799	-324.7197014	0.848674225	0.611993146	1.085355304
223	0.92	-667.4427355	346.8256157	-320.6171198	0.848355553	0.611674743	1.085036362
224	0.89	-421.354624	107.3040779	-314.0505461	0.847844847	0.611164471	1.084525222
225	0.86	-697.8766949	386.4488907	-311.4278042	0.847640646	0.610960445	1.084320848
226	0.89	-559.5221354	259.743339	-299.7787964	0.846732165	0.61005274	1.083411591
227	0.94	-493.3660296	203.5135446	-289.852485	0.84595608	0.60927732	1.08263484
228	0.79	-502.9708771	214.0546073	-288.9162698	0.84588279	0.609204093	1.082561487
229	0.84	-690.0970883	410.7291928	-279.3678955	0.845134396	0.608456344	1.081812448
230	0.88	-675.7884153	424.6002644	-251.1881509	0.842916015	0.60623989	1.079592141
231	0.74	-399.6002403	148.686975	-250.9132653	0.842894305	0.606218198	1.079570411
232	0.82	-611.7074522	363.6895665	-248.0178857	0.842665541	0.605989634	1.079341447
233	0.84	-519.445332	285.5431231	-233.9022088	0.841548083	0.604873155	1.078223011
234	0.88	-955.8068404	722.4615625	-233.3452779	0.84150392	0.604829031	1.078178809
235	0.73	-21.84739281	-207.2900454	-229.1374382	0.841170067	0.604495472	1.077844663
236	0.91	178.5258346	-404.9214834	-226.3956488	0.84095236	0.604277956	1.077626763
237	0.86	-390.2376179	178.6391769	-211.598441	0.839775058	0.603101693	1.076448423
238	0.7	-354.5412536	154.8895118	-199.6517418	0.838821659	0.602149138	1.07549418
239	0.65	77.38520978	-276.7646192	-199.3794094	0.838799896	0.602127394	1.075472397
240	0.82	-444.8210207	247.8006545	-197.0203662	0.838611317	0.601938983	1.075283651
241	0.88	-790.3052466	593.9542798	-196.3509669	0.838557788	0.601885501	1.075230074
242	0.93	-380.9106521	186.0928721	-194.8177799	0.838435154	0.601762977	1.075107332
243	0.81	-162.7281403	-24.05224126	-186.7803816	0.837791581	0.601119976	1.074463187
244	0.92	-902.7308663	725.2713919	-177.4594743	0.837043774	0.600372836	1.073714713
245	0.77	-179.8760374	2.883812398	-176.992225	0.837006246	0.600335341	1.073677152
246	0.96	-325.3544225	149.5302822	-175.8241403	0.836912412	0.60024159	1.073583233
247	0.85	-658.0479231	482.5408366	-175.5070865	0.836886938	0.600216139	1.073557737
248	0.81	-457.4563832	282.4759522	-174.9804309	0.836844619	0.600173858	1.073515381
249	0.82	-466.8332587	292.3732293	-174.4600293	0.836802799	0.600132075	1.073473522
250	0.78	-522.7336316	351.2697684	-171.4638631	0.836561924	0.599891416	1.073232433
251	0.84	-540.5577845	390.7985695	-149.7592151	0.834812168	0.598143227	1.07148111
252	0.87	-351.9187875	205.2215561	-146.6972313	0.834564639	0.59789592	1.071233359
253	0.89	-236.007714	91.3360638	-144.6716503	0.8344008	0.597732227	1.071069372
254	0.92	-717.8555739	574.0061056	-143.8494683	0.834334276	0.597665763	1.071002789
255	0.91	-682.2617795	554.1847556	-128.0770239	0.833055762	0.5963884	1.069723125
256	0.76	-261.0072841	138.7017004	-122.3055837	0.832586813	0.595919874	1.069253753
257	0.92	-476.8081372	357.9193324	-118.8888048	0.832308907	0.595642218	1.068975596
258	0.4	-294.4437738	186.2803473	-108.1634265	0.83143519	0.59476929	1.06810109
259	0.48	-347.7450248	241.1947433	-106.5502815	0.831303601	0.594637819	1.067969382
260	0.9	-447.3806198	341.0252903	-106.3553295	0.831287695	0.594621928	1.067953462
261	0.89	-482.5198761	384.7472901	-97.772586	0.83058676	0.593921626	1.067251893
262	0.96	-403.2955563	321.0138714	-82.28168491	0.829318314	0.592654329	1.065982299
263	0.96	236.8520566	-318.8370893	-81.98503268	0.829293981	0.592630018	1.065957944
264	0.85	-299.7664635	221.8994844	-77.8669791	0.828956038	0.592292381	1.065619695
265	0.92	-481.6487199	415.3585797	-66.2901402	0.828004376	0.591341582	1.06466717
266	0.77	-520.3396076	460.7202036	-59.61940408	0.827454929	0.590792633	1.064117224
267	0.95	-270.3573095	219.9966388	-50.36067066	0.826691002	0.5900294	1.063352604
268	0.83	-233.0022964	193.7474027	-39.25489374	0.825772664	0.589111895	1.062433433
269	0.89	-478.7940027	448.425921	-30.36808177	0.825036232	0.588376132	1.061696331
270	0.81	258.6892445	-284.0819358	-25.39269139	0.824623318	0.587963593	1.061283043
271	0.89	-173.8873363	153.3764579	-20.51087846	0.824217743	0.587558386	1.060877099
272	0.91	-397.7191276	378.6595949	-19.0595327	0.824097085	0.587437838	1.060756332
273	0.79	-410.6549472	395.2056791	-15.44926814	0.823796783	0.587137809	1.060455757
274	0.9	-707.6380567	699.8637936	-7.77426306	0.823157608	0.586499214	1.059816001
275	0.74	-212.2139964	227.1129756	14.89897917	0.821263278	0.584606604	1.057919952
276	0.79	-347.3469125	366.1102851	18.76337252	0.820939504	0.584283123	1.057595884
277	0.68	-162.2393076	185.8603248	23.62101721	0.820532136	0.583876125	1.057188147
278	0.77	-227.1100962	251.7947585	24.68466227	0.820442881	0.583786951	1.057098812
279	0.9	-339.6648571	367.804774	28.13991691	0.820152801	0.583497134	1.056808468
280	0.77	-593.3201942	627.3151219	33.99492775	0.81966077	0.583005549	1.056315992
281	0.78	12.51506585	21.67715119	34.19221703	0.819644181	0.582988974	1.056299387
282	0.85	148.1748525	-111.0354832	37.13936932	0.819396275	0.582741293	1.056051257
283	0.89	-200.052253	239.2666024	39.21434943	0.819221642	0.582566819	1.055876465
284	0.77	-514.867861	561.260106	46.39224505	0.818616955	0.581962679	1.055271231
285	0.89	-484.5416878	540.8616219	56.31993409	0.817779119	0.581125601	1.054432638
286	0.89	-405.0207527	473.5298009	68.50904821	0.816748059	0.580095472	1.053400646
287	0.83	-230.688553	303.4297713	72.74121832	0.816389454	0.57973719	1.053041717
288	0.96	-333.4967901	412.0775514	78.58076135	0.815894133	0.579242317	1.05254595
289	0.83	-373.8639224	452.729806	78.86588363	0.815869933	0.579218138	1.052521728
290	0.88	-459.2426887	541.8193263	82.57663758	0.81555485	0.578903339	1.052206362
291	0.93	-392.2488029	481.6922839	89.44348096	0.814971144	0.578320158	1.051622129
292	0.81	-299.5056435	398.2212822	98.71563871	0.814181663	0.577531387	1.050831939
293	0.87	-342.0090265	452.6278932	110.6188667	0.813165948	0.576516583	1.049815312
294	0.87	-157.0454305	269.0562309	112.0108004	0.81304701	0.576397752	1.049696268
295	0.85	-336.2437983	452.4493873	116.205589	0.812688371	0.576039434	1.049337307
296	0.89	-312.0195313	432.9263294	120.9067981	0.812286067	0.575637491	1.048934644
297	0.77	-56.3794107	178.0050427	121.625632	0.81222452	0.575575998	1.048873041
298	0.79	-350.4291841	473.3580016	122.9288175	0.812112915	0.575464493	1.048761337
299	0.87	-320.4939967	450.9420941	130.4480974	0.811468388	0.574820541	1.048116234
300	0.48	-726.5980002	861.4478361	134.8498359	0.811090626	0.574443117	1.047738136
301	0.92	-101.4448001	240.9358263	139.4910262	0.810691948	0.574044794	1.047339103
302	0.78	17.5560464	122.9678278	140.5238742	0.810603176	0.5739561	1.047250251
303	0.88	39.95046677	111.2609561	151.2114228	0.809683493	0.573037235	1.04632975
304	0.87	-278.8452785	432.6073219	153.7620435	0.809463712	0.57281765	1.046109775
305	0.74	-563.1823584	723.1500727	159.9677143	0.808928512	0.572282925	1.0455741
306	0.85	-642.1945857	807.3713363	165.1767506	0.808478748	0.571833558	1.045123938
307	0.95	-340.2096581	510.118829	169.9091709	0.808069726	0.571424898	1.044714554
308	0.94	-159.9629869	331.0323279	171.069341	0.807969393	0.571324653	1.044614133
309	0.88	-2.154351003	176.4844062	174.3300552	0.807687278	0.571042787	1.044331768
310	0.93	-241.7613569	416.8272631	175.0659062	0.807623587	0.570979152	1.044268021
311	0.82	-237.8717249	414.3193369	176.4476121	0.807503968	0.570859639	1.044148298
312	0.87	-523.2275656	711.2156589	187.9880933	0.80650358	0.569860132	1.043147029
313	0.79	-873.8687322	1063.62397	189.7552376	0.806350191	0.569706877	1.042993505
314	0.82	-566.5981655	758.5182908	191.9201254	0.806162203	0.569519054	1.042805352
315	0.69	-89.63437125	298.7702156	209.1358444	0.804664381	0.568022542	1.04130622
316	0.84	-273.8507467	484.8174344	210.9666876	0.804504789	0.56786309	1.041146489
317	0.77	9.196978314	203.3240246	212.521003	0.804369256	0.567727675	1.041010838
318	0.49	-164.6006392	378.2345965	213.6339573	0.804272184	0.567630687	1.040913681
319	0.89	-23.83731917	238.3201631	214.4828439	0.804198129	0.567556696	1.040839561
320	0.92	-246.1382333	470.9214524	224.7832191	0.803298551	0.566657901	1.039939202
321	0.7	309.2535608	-81.7478971	227.5056637	0.803060481	0.566420037	1.039700926
322	0.88	104.968688	126.037917	231.006605	0.802754146	0.566113966	1.039394325
323	0.89	336.0818533	-88.23244892	247.8494044	0.801277422	0.564638517	1.037916328
324	0.78	119.8669806	129.6838277	249.5508083	0.801127976	0.564489199	1.037766754
325	0.77	3.664613767	249.4057636	253.0703773	0.800818669	0.564180157	1.037457181
326	0.9	-415.5918326	669.9855768	254.3937442	0.800702314	0.564063901	1.037340726
327	0.9	-124.1599194	382.8265685	258.666649	0.800326417	0.563688327	1.036964508
328	0.94	-211.2347194	469.9994497	258.7647302	0.800317785	0.563679702	1.036955868
329	0.72	-179.8231386	442.2698646	262.446726	0.799993613	0.563355807	1.03663142
330	0.88	-72.59100324	337.3723957	264.7813924	0.799787943	0.563150312	1.036425573
331	0.77	97.40246515	177.5852914	274.9877565	0.798887718	0.562250854	1.035524583
332	0.88	-134.4875166	411.3156294	276.8281127	0.798725204	0.562088477	1.03536193
333	0.93	-514.88877	791.9020683	277.0132983	0.798708847	0.562072135	1.03534556
334	0.46	-192.418263	476.7464731	284.3282101	0.798062297	0.561426132	1.034698462
335	0.76	293.5688166	-0.324570706	293.2442459	0.797272983	0.560637484	1.033908482
336	0.65	-174.5365314	468.3105644	293.774033	0.797226039	0.56059058	1.033861499
337	0.78	-194.8187029	497.5830636	302.7643607	0.796428684	0.559793894	1.033063474
338	0.84	-44.52885114	350.4477681	305.918917	0.796148576	0.55951402	1.032783132
339	0.85	-414.3248556	724.1507439	309.8258883	0.795801422	0.559167156	1.032435687
340	0.64	330.9770394	-16.37702651	314.6000129	0.795376861	0.558742949	1.032010772
341	0.81	-360.3531339	677.4172909	317.0641569	0.795157572	0.558523843	1.031791302
342	0.9	-192.1249414	510.6769536	318.5520122	0.795025115	0.558391496	1.031658734
343	0.98	-738.8223948	1063.144005	324.3216097	0.794511115	0.557877923	1.031144308
344	0.74	-171.0472035	495.4474875	324.400284	0.794504103	0.557870916	1.03113729
345	0.9	87.73035165	239.4320555	327.1624072	0.794257826	0.557624843	1.030890809
346	0.81	-102.2629471	429.685147	327.4221999	0.794234656	0.557601692	1.03086762
347	0.75	-39.0522383	366.6231025	327.5708642	0.794221396	0.557588443	1.030854349
348	0.93	-135.6098146	469.2295629	333.6197483	0.793681567	0.557049059	1.030314075
349	0.88	-301.3140877	635.5240898	334.2100021	0.793628857	0.556996393	1.030261321
350	0.76	-184.8770752	524.1792311	339.3021559	0.793173874	0.556541784	1.029805964
351	0.54	-185.9623915	525.3551895	339.3927981	0.793165771	0.556533688	1.029797854
352	0.86	-226.1444715	567.752763	341.6082914	0.792967676	0.556335755	1.029599596
353	0.88	-254.867501	600.3750463	345.5075454	0.792618825	0.55598719	1.02925046
354	0.88	-120.023521	465.8893166	345.8657957	0.792586761	0.555955152	1.029218369
355	0.79	-114.6239078	464.4631183	349.8392106	0.792230984	0.555599666	1.028862302
356	0.77	-157.6545356	508.1159319	350.4613963	0.792175249	0.555543977	1.028806522
357	0.37	124.2513394	234.9966784	359.2480177	0.791387451	0.554756819	1.028018083
358	0.88	72.71290271	287.0473587	359.7602614	0.791341483	0.554710889	1.027972077
359	0.9	-427.6207128	790.6250397	363.0043269	0.791050263	0.554419905	1.027680621
360	0.6	379.8729287	-11.58902335	368.2839053	0.790575931	0.553945956	1.027205906
361	0.85	-123.251073	492.343185	369.092112	0.790503277	0.553873361	1.027133194
362	0.73	640.7975024	-270.4054445	370.3920579	0.790386396	0.553756574	1.027016218
363	0.84	322.4063641	48.60793319	371.0142973	0.790330438	0.553700662	1.026960215
364	0.88	-406.2249784	782.5106501	376.2856717	0.789856125	0.553226729	1.02648552
365	0.66	-186.2330775	566.0494951	379.8164175	0.789538167	0.552909026	1.026167307
366	0.82	-253.8991875	644.4170126	390.5178251	0.788573166	0.551944796	1.025201537
367	0.9	-158.1992498	549.3101285	391.1108786	0.788519631	0.551891303	1.025147959
368	0.87	-98.41431118	497.4750308	399.0607196	0.787801413	0.551173655	1.024429172
369	0.76	-360.674644	761.9261243	401.2514803	0.787603303	0.550975702	1.024230905
370	0.66	-533.8929958	937.4756991	403.5827033	0.787392402	0.550764967	1.024019838
371	0.83	-87.75099136	496.2309142	408.4799228	0.78694906	0.550321973	1.023576147
372	0.83	-145.7519523	555.247035	409.4950827	0.786857107	0.550230093	1.023484122
373	0.87	-26.97593734	447.3568984	420.3809611	0.785869972	0.549243729	1.022496215
374	0.82	-661.2160988	1085.410816	424.1947171	0.785523664	0.54889769	1.022149638
375	0.77	196.3971484	228.0964999	424.4936483	0.785496509	0.548870557	1.022122462
376	0.83	-330.8440104	756.427146	425.5831355	0.785397528	0.548771652	1.022023404
377	0.82	-52.73855113	479.4305103	426.6919592	0.785296769	0.548670971	1.021922567
378	0.8	-734.1677571	1166.49721	432.3294529	0.784784168	0.548158767	1.021409569
379	0.79	-583.1006898	1015.782405	432.6817156	0.78475212	0.548126743	1.021377497
380	0.76	-161.5689929	596.9945066	435.4255138	0.784502424	0.547877239	1.021127608
381	0.83	-334.0655433	773.409068	439.3435247	0.784145649	0.547520739	1.020770559
382	0.88	-385.8784348	825.29499	439.4165552	0.784138996	0.547514091	1.020763901
383	0.67	43.55826535	402.0220718	445.5803371	0.783577188	0.546952713	1.020201663
384	0.93	-194.4796958	641.2566302	446.7769344	0.783468048	0.546843657	1.02009244
385	0.88	108.8222025	350.2624565	459.084659	0.782344074	0.545720535	1.018967612
386	0.9	-1867.882433	2340.604639	472.7222061	0.781095674	0.544473073	1.017718275
387	0.86	-357.1582645	833.2639594	476.1056949	0.78078546	0.544163091	1.017407829
388	0.76	-256.1387015	732.3206985	476.181997	0.780778462	0.544156098	1.017400826
389	0.95	-209.8030126	687.1111409	477.3081283	0.780675169	0.544052882	1.017297456
390	0.65	-105.0795723	583.8541949	478.7746226	0.780540624	0.543918437	1.017162812
391	0.69	-91.91131132	576.0084672	484.0971559	0.780052001	0.543430176	1.016673826
392	0.8	-66.31026888	555.2809133	488.9706444	0.779604184	0.542982689	1.016225679
393	0.62	92.23168585	401.5015045	493.7331904	0.779166175	0.542545002	1.015787349
394	0.91	-98.76812217	593.468705	494.7005828	0.779077158	0.542456051	1.015698266
395	0.6	-428.0390297	934.2291675	506.1901377	0.778018718	0.541398381	1.014639055
396	0.89	-89.82269982	609.297189	519.4744892	0.776792178	0.540172725	1.013411632
397	0.89	-216.1811812	742.480851	526.2996698	0.776160863	0.539541859	1.012779867
398	0.77	-409.2101012	942.9834985	533.7733974	0.775468665	0.538850151	1.012087179
399	0.74	-276.7111856	810.9095249	534.1983393	0.77542928	0.538810794	1.012047766
400	0.82	-192.5834296	734.7248139	542.1413842	0.774692535	0.538074566	1.011310504
401	0.84	-131.7222695	681.9350207	550.2127512	0.77394281	0.537325363	1.010560257
402	0.88	221.2310823	330.1369614	551.3680437	0.773835409	0.537218036	1.010452782
403	0.73	451.2951183	106.776709	558.0718273	0.773211759	0.536594817	1.009828701
404	0.73	-115.0608798	676.3458784	561.2849986	0.772912574	0.536295837	1.009529311
405	0.5	-35.78411685	602.4367724	566.6526555	0.772412396	0.535796001	1.009028792
406	0.69	-20.65374177	588.0094251	567.3556833	0.77234685	0.535730499	1.008963201
407	0.81	-508.0032999	1084.031306	576.0280064	0.771537617	0.534921814	1.00815342
408	0.71	-209.6860738	786.7607807	577.0747069	0.771439863	0.534824126	1.0080556
409	0.79	-111.3128176	690.2503978	578.9375802	0.771265839	0.534650219	1.007881459
410	0.62	200.1761798	385.2184421	585.3946219	0.770662194	0.534046978	1.00727741
411	0.89	-185.3252444	777.2719197	591.9466753	0.77004896	0.533434151	1.006663769
412	0.78	-499.6077691	1094.719669	595.1119001	0.769752458	0.533137845	1.006367071
413	0.9	0.269723831	596.8433066	597.1130304	0.769564916	0.532950427	1.006179406
414	0.75	125.7360531	475.4401033	601.1761565	0.769183925	0.532569685	1.005798165
415	0.79	-292.6066845	894.1042402	601.4975557	0.769153777	0.532539557	1.005767997
416	0.81	-18.68458877	624.8079523	606.1233635	0.768719666	0.532105729	1.005333604
417	0.74	-196.1062604	802.8150084	606.7087481	0.768664706	0.532050804	1.005278607
418	0.8	19.24975309	589.819668	609.0694211	0.768443008	0.53182925	1.005056766
419	0.6	-36.3360976	649.2471171	612.9110195	0.768082035	0.531468511	1.00469556
420	0.87	218.777141	395.6603049	614.4374459	0.767938538	0.531325106	1.00455197
421	0.92	216.1894652	400.387025	616.5764902	0.767737385	0.531124082	1.004350687
422	0.6	-334.7458396	954.7499977	620.004158	0.767414892	0.530801796	1.004027989
423	0.73	-190.0853059	812.2803297	622.1950238	0.767208663	0.530595698	1.003821628
424	0.82	-545.5396859	1168.818192	623.2785061	0.767106644	0.530493744	1.003719544
425	0.91	-30.79753482	655.1455537	624.3480189	0.767005921	0.530393086	1.003618757
426	0.75	-434.303979	1063.594457	629.2904783	0.766540213	0.529927672	1.003152754
427	0.88	-184.696622	820.0425006	635.3458786	0.765969087	0.529356905	1.002581269
428	0.87	-458.6461182	1101.930281	643.284163	0.765219457	0.528607742	1.001831172
429	0.28	222.5690645	421.172507	643.7415715	0.765176231	0.528564543	1.001787919
430	0.91	20.4253914	623.8331036	644.258495	0.765127377	0.528515719	1.001739035
431	0.84	-243.5360922	888.120758	644.5846657	0.765096549	0.52848491	1.001708187
432	0.59	163.9247077	481.004187	644.9288947	0.765064011	0.528452393	1.00167563
433	0.69	-214.252257	861.8427092	647.5904522	0.76481237	0.528200906	1.001423833
434	0.69	-317.7838487	967.9130926	650.129244	0.764572226	0.52796091	1.001183542
435	0.92	-330.1846636	981.3206977	651.1360341	0.764476965	0.527865707	1.001088222
436	0.82	-105.770279	762.3404087	656.5701297	0.763962509	0.527351565	1.000573452
437	0.57	-82.24240773	745.1251817	662.882774	0.763364269	0.526753687	0.99997485
438	0.75	215.0189207	463.8634558	678.8823765	0.761845075	0.525235398	0.998454752
439	0.77	246.07807	433.942018	680.020088	0.761736887	0.525127274	0.9983465
440	0.49	-291.6167439	976.6099673	684.9932234	0.761263729	0.524654392	0.997873065
441	0.91	-152.3403436	842.6077948	690.2674512	0.76076148	0.524152436	0.997370525
442	0.77	-130.3764447	828.1068769	697.7304322	0.760050025	0.523441389	0.99665866
443	0.79	4.184643086	697.2470978	701.4317409	0.759696836	0.523088401	0.99630527
444	0.68	391.1343309	314.5157158	705.6500466	0.75929404	0.522685834	0.995902247
445	0.85	25.24869567	682.8719689	708.1206646	0.759057992	0.522449918	0.995666065
446	0.81	152.8729653	555.7898339	708.6627991	0.759006182	0.522398137	0.995614226
447	0.48	-367.3854448	1076.927099	709.5416542	0.758922182	0.522314185	0.995530179
448	0.82	508.4163106	202.3522239	710.7685344	0.758804897	0.522196966	0.995412829
449	0.67	13.41064975	702.2938956	715.7045453	0.758332787	0.521725119	0.994940456
450	0.8	-403.6970696	1121.682622	717.9855519	0.758114483	0.521506936	0.994722031
451	0.49	290.3301706	428.7084203	719.0385908	0.758013674	0.521406182	0.994621166
452	0.84	-211.5800896	931.4793515	719.8992619	0.757931266	0.521323819	0.994538713
453	0.8	-71.40129497	793.3145717	721.9132767	0.757738381	0.521131041	0.994345722
454	0.9	-81.90239725	806.3524381	724.4500409	0.757495337	0.52088813	0.994102545
455	0.35	52.66295561	675.9436563	728.6066119	0.757096875	0.520489885	0.993703866
456	0.71	208.7566829	522.1139937	730.8706766	0.756879716	0.520272844	0.993486589
457	0.85	-249.0244074	982.3970454	733.3726379	0.756639642	0.520032899	0.993246385
458	0.87	-401.8500496	1136.072402	734.2223527	0.756558085	0.519951386	0.993164784
459	0.8	100.172519	641.8145506	741.9870696	0.755812269	0.519205968	0.992418571
460	0.87	-109.9262745	853.9454351	744.0191606	0.755616921	0.519010722	0.992223119
461	0.77	-101.8495558	847.7950734	745.9455176	0.755431675	0.518825574	0.992037775
462	0.78	307.3152869	441.223888	748.5391749	0.755182163	0.518576193	0.991788133
463	0.86	46.85876423	705.8499027	752.7086669	0.754780825	0.518175065	0.991386586
464	0.86	-134.3098101	887.7417399	753.4319298	0.754711178	0.518105454	0.991316903
465	0.75	-94.45455345	853.6271374	759.1725839	0.754158077	0.517552638	0.990763516
466	0.94	-4.465870283	765.4275533	760.961683	0.753985592	0.517380241	0.990590942
467	0.78	-125.7749829	888.1823258	762.4073429	0.753846179	0.517240899	0.990451458
468	0.82	34.22281886	731.963927	766.1867459	0.753481549	0.516876455	0.990086644
469	0.82	91.206434	684.9657593	776.1721933	0.752517058	0.515912448	0.989121669
470	0.89	-382.0117165	1166.665776	784.6540599	0.751696528	0.51509232	0.988300735
471	0.89	-36.50058459	824.8134399	788.3128554	0.751342218	0.514738183	0.987946253
472	0.79	-310.7449122	1100.023017	789.2781047	0.751248709	0.514644719	0.987852699
473	0.85	0.705598147	790.0469424	790.7525405	0.751105844	0.514501923	0.987709765
474	0.81	286.8829137	503.9602873	790.8432009	0.751097058	0.514493142	0.987700975
475	0.76	-18.07094799	809.283479	791.212531	0.751061266	0.514457366	0.987665166
476	0.65	-34.38698352	830.2653395	795.8783559	0.750608905	0.514005222	0.987212588
477	0.82	-64.71826818	864.7862365	800.0679684	0.750202413	0.513598923	0.986805904
478	0.66	-98.01642094	898.9148494	800.8984284	0.750121805	0.513518353	0.986725258
479	0.93	4.717961407	801.0643882	805.7823496	0.749647526	0.513044295	0.986250756
480	0.74	575.6278152	235.4721153	811.0999305	0.749130695	0.512527704	0.985733686
481	0.88	-299.8945131	1111.094569	811.2000555	0.749120959	0.512517973	0.985723946
482	0.73	737.8560285	84.4323119	822.2883403	0.748041772	0.511439276	0.984644268
483	0.71	-36.7317777	869.5858859	832.8541082	0.747011596	0.510409556	0.983613636
484	0.81	172.1818913	662.1876469	834.3695382	0.746863692	0.510261717	0.983465667
485	0.61	446.1680656	390.5273311	836.6953967	0.74663662	0.510034743	0.983238496
486	0.79	-425.5731135	1263.4253	837.852187	0.746523651	0.509921823	0.983125478
487	0.86	-13.01547174	856.7244131	843.7089413	0.745951364	0.509349782	0.982552947
488	0.84	148.5831669	696.4336104	845.0167773	0.745823495	0.509221968	0.982425023
489	0.79	190.9391618	658.0873565	849.0265183	0.745431286	0.508829923	0.982032648
490	0.82	-1.412164157	851.2819178	849.8697536	0.745348773	0.508747445	0.9819501
491	0.68	129.8652435	720.2881282	850.1533718	0.745321017	0.508719701	0.981922333
492	0.83	-274.861445	1127.69404	852.8325954	0.745058759	0.508457552	0.981659965
493	0.79	144.1312713	711.8063364	855.9376077	0.744754677	0.508153596	0.981355758
494	0.85	70.75018295	787.1689767	857.9191596	0.744560538	0.507959537	0.981161539
495	0.78	71.37813893	792.7909725	864.1691115	0.743947797	0.507347046	0.980548549
496	0.76	188.0867229	676.8320196	864.9187425	0.743874262	0.50727354	0.980474984
497	0.7	168.7112801	699.0673891	867.7786693	0.743593634	0.506993024	0.980194243
498	0.72	-183.1276754	1059.625899	876.498224	0.742737225	0.506136953	0.979337497
499	0.77	-338.5579535	1215.318895	876.7609416	0.742711403	0.506111141	0.979311664
500	0.53	-152.0195658	1032.334413	880.3148472	0.742361984	0.505761858	0.978962111
501	0.85	-406.2908589	1288.105805	881.8149465	0.742214435	0.505614365	0.978814505
502	0.89	32.16773044	849.7642588	881.9319893	0.742202921	0.505602855	0.978802986
503	0.81	-221.3897657	1115.049612	893.6598465	0.741048108	0.504448478	0.977647738
504	0.85	227.9833163	673.0651523	901.0484685	0.740319441	0.503720077	0.976918805
505	0.5	384.5059191	518.237048	902.7429671	0.740152207	0.503552903	0.97675151
506	0.73	-275.4745122	1195.554304	920.0797921	0.738438561	0.501839857	0.975037265
507	0.7	-26.37152888	947.5533694	921.1818405	0.738329468	0.501730801	0.974928135
508	0.82	117.2091093	804.8596611	922.0687704	0.738241656	0.501643019	0.974840293
509	0.74	-88.52405341	1011.909877	923.3858235	0.738111235	0.501512642	0.974709829
510	0.84	55.09622949	872.785066	927.8812955	0.737665866	0.501067421	0.974264311
511	0.9	203.8284506	725.147195	928.9756456	0.7375574	0.50095899	0.974155809
512	0.77	343.5306572	585.8676194	929.3982766	0.737515506	0.50091711	0.974113901
513	0.93	-143.0451637	1072.478643	929.4334796	0.737512016	0.500913621	0.97411041
514	0.63	80.73111989	849.5110983	930.2422182	0.73743184	0.500833472	0.974030208
515	0.79	181.9674326	751.2715203	933.2389529	0.73713466	0.500536389	0.973732931
516	0.57	99.60498416	838.7128221	938.3178063	0.736630677	0.500032567	0.973228786
517	0.77	7.147995119	933.1641033	940.3120984	0.736432667	0.499834621	0.973030714
518	0.87	261.6436087	681.1818959	942.8255047	0.736183027	0.499585058	0.972780995
519	0.76	-183.6489525	1139.61229	955.9633372	0.734876498	0.498278929	0.971474068
520	0.85	-213.9371072	1170.465069	956.527962	0.734820286	0.498222733	0.971417839
521	0.71	424.8680173	536.3200081	961.1880254	0.734356155	0.497758738	0.970953572
522	0.73	-248.2870774	1211.118998	962.8319209	0.734192345	0.497594975	0.970789714
523	0.82	-396.4632327	1360.770957	964.3077244	0.734045248	0.497447921	0.970642575
524	0.81	-378.1369987	1343.212445	965.0754467	0.733968714	0.497371409	0.970566019
525	0.67	172.1238407	795.0935255	967.2173662	0.733755137	0.497157892	0.970352381
526	0.76	43.39921575	924.2617664	967.6609822	0.733710893	0.497113661	0.970308125
527	0.77	132.2054441	835.9180131	968.1234572	0.733664766	0.497067547	0.970261984
528	0.89	-112.8020758	1085.092383	972.2903072	0.733249009	0.496651907	0.969846112
529	0.72	29.7881456	943.8346661	973.6228117	0.733115998	0.496518932	0.969713063
530	0.57	257.6592964	721.0361684	978.6954648	0.732609386	0.496012458	0.969206313
531	0.8	201.8506899	781.3112026	983.1618925	0.732162982	0.495566173	0.968759791
532	0.85	257.5639352	727.8249415	985.3888767	0.731940285	0.495343535	0.968537035
533	0.8	-45.57226737	1031.79896	986.2266926	0.731856484	0.495259755	0.968453212
534	0.84	-109.2243175	1100.807476	991.5831589	0.73132045	0.494723859	0.967917041
535	0.74	-418.0441765	1417.649526	999.6053492	0.730516806	0.493920414	0.967113197
536	0.92	-29.45595236	1037.744739	1008.288786	0.729645777	0.493049593	0.966241962
537	0.77	93.96223892	920.4450926	1014.407332	0.729031319	0.492435275	0.965627363
538	0.77	-698.3060791	1715.26487	1016.958791	0.728774914	0.492178927	0.965370901
539	0.77	233.4724327	785.2077371	1018.68017	0.728601868	0.49200592	0.965197817
540	0.79	37.98482235	983.1835313	1021.168354	0.728351656	0.491755762	0.96494755
541	0.77	501.4549766	521.9955158	1023.450492	0.728122078	0.491526233	0.964717923
542	0.86	153.1399583	871.2555602	1024.395519	0.728026987	0.491431162	0.964622812
543	0.74	78.30785046	951.5553853	1029.863236	0.727476534	0.490880824	0.964072244
544	0.7	-108.0083442	1141.560955	1033.552611	0.727104848	0.490509213	0.963700483
545	0.73	152.0428422	883.1656898	1035.208532	0.726937953	0.490342351	0.963533555
546	0.84	194.0619448	846.7782452	1040.84019	0.726370034	0.489774542	0.962965526
547	0.85	-63.60623879	1118.96681	1055.360571	0.724903452	0.488308226	0.961498678
548	0.76	-397.6229962	1455.302455	1057.679459	0.724668936	0.488073749	0.961264122
549	0.82	74.63969724	984.4155686	1059.055266	0.724529756	0.487934593	0.961124919
550	0.9	81.51984732	977.9154181	1059.435265	0.724491309	0.487896153	0.961086466
551	0.91	-31.36312663	1094.406117	1063.04299	0.724126183	0.487531086	0.96072128
552	0.59	36.97194781	1027.141728	1064.113676	0.724017783	0.487422704	0.960612862
553	0.86	28.94127897	1040.957255	1069.898534	0.723431795	0.486836807	0.960026783
554	0.86	98.51599703	981.7551076	1080.271105	0.722379781	0.485784946	0.958974616
555	0.89	-394.9506552	1481.741685	1086.79103	0.721717655	0.485122909	0.958312401
556	0.65	191.5914856	895.2325637	1086.824049	0.7217143	0.485119554	0.958309046
557	0.42	833.3345001	255.6908564	1089.025356	0.721490598	0.48489588	0.958085315
558	0.79	-335.1590624	1426.038878	1090.879815	0.721302084	0.484707391	0.957896778
559	0.78	161.422615	931.1879967	1092.610612	0.721126094	0.484531422	0.957720766
560	0.86	-66.5821947	1160.981312	1094.399117	0.720944186	0.484349536	0.957538836
561	0.67	-43.60316973	1138.763735	1095.160566	0.720866725	0.484272084	0.957461365
562	0.47	-199.948264	1297.704954	1097.75669	0.720602556	0.484007945	0.957197166
563	0.92	-0.024919296	1104.558062	1104.533142	0.719912524	0.483317989	0.956507058
564	0.86	-76.40186833	1187.229364	1110.827495	0.719270945	0.482676475	0.955865414
565	0.81	-275.3197215	1386.412737	1111.093015	0.719243867	0.4826494	0.955838334
566	0.85	-143.988445	1258.317445	1114.329	0.718913773	0.482319337	0.955508209
567	0.79	-211.043952	1325.391598	1114.347646	0.71891187	0.482317435	0.955506306
568	0.77	226.5400359	906.8294791	1133.369515	0.71696822	0.480373937	0.953562502
569	0.57	36.50902545	1097.761474	1134.2705	0.716876018	0.480281742	0.953470295
570	0.78	138.1033897	1000.96694	1139.07033	0.716384622	0.479790376	0.952978868
571	0.77	399.1821403	740.0901304	1139.272271	0.71636394	0.479769695	0.952958185
572	0.77	-59.67614886	1205.799081	1146.122932	0.715661947	0.479067738	0.952256155
573	0.72	254.7503969	892.6746716	1147.425068	0.715528434	0.478934232	0.952122636
574	0.48	898.3665493	250.7314694	1149.098019	0.715356862	0.478762667	0.951951056
575	0.54	-283.5424549	1438.541971	1154.999516	0.714751279	0.478157108	0.95134545
576	0.86	275.773722	887.007522	1162.781244	0.713951937	0.47735779	0.950546084
577	0.83	281.8168364	884.7517404	1166.568577	0.713562563	0.476968424	0.950156702
578	0.77	38.32722676	1128.970384	1167.29761	0.713487587	0.476893449	0.950081724
579	0.58	290.0265162	877.4729272	1167.499443	0.713466828	0.476872691	0.950060965
580	0.56	-57.59127428	1227.43622	1169.844946	0.713225544	0.47663141	0.949819677
581	0.71	46.80546243	1127.747635	1174.553097	0.712740957	0.476146829	0.949335086
582	0.67	-9.975157031	1186.89231	1176.917153	0.712497508	0.475903381	0.949091635
583	0.82	350.2469318	828.1695509	1178.416483	0.712343064	0.475748937	0.948937191
584	0.62	492.7184568	687.4748745	1180.193331	0.712159988	0.475565861	0.948754114
585	0.83	399.4698433	781.3044749	1180.774318	0.712100116	0.475505989	0.948694243
586	0.72	-225.3750325	1408.527878	1183.152845	0.711854949	0.475260821	0.948449077
587	0.79	-72.60620307	1256.70277	1184.096567	0.711757651	0.475163523	0.948351779
588	0.7	-406.2019531	1597.934114	1191.73216	0.710969916	0.474375778	0.947564054
589	0.85	218.6344186	974.1996468	1192.834065	0.710856163	0.474262022	0.947450303
590	0.74	617.3473105	575.6784461	1193.025757	0.710836372	0.474242231	0.947430512
591	0.78	136.0626715	1070.171357	1206.234029	0.709471355	0.472877174	0.946065536
592	0.58	24.01167432	1195.075505	1219.087179	0.708140478	0.471546232	0.944734724
593	0.73	-6.008363031	1225.926172	1219.917809	0.708054384	0.471460133	0.944648635
594	0.67	536.7634649	685.5264833	1222.289948	0.707808455	0.471214189	0.944402721
595	0.89	170.6072697	1053.755505	1224.362775	0.707593487	0.470999208	0.944187767
596	0.87	196.8871556	1028.349736	1225.236892	0.707502815	0.470908529	0.944097101
597	0.83	282.8830268	943.5702865	1226.453313	0.707376616	0.470782322	0.943970911
598	0.71	26.81688878	1204.795646	1231.612535	0.706841117	0.470246783	0.943435451
599	0.62	136.2007391	1097.200727	1233.401466	0.706655341	0.470060993	0.943249689
600	0.79	165.8383882	1076.039989	1241.878377	0.705774373	0.469179949	0.942368797
601	0.8	-92.76778456	1342.990631	1250.222846	0.704906101	0.468311592	0.941500611
602	0.61	121.9213316	1135.17906	1257.100392	0.704189673	0.467595085	0.940784262
603	0.82	78.0255896	1183.328148	1261.353737	0.703746247	0.467151605	0.940340889
604	0.52	300.4609588	963.1333356	1263.594294	0.703512551	0.46691788	0.940107221
605	0.57	-456.8253506	1729.493617	1272.668266	0.702565332	0.465970536	0.939160128
606	0.86	136.8937316	1137.998812	1274.892544	0.702332952	0.465738124	0.938927781
607	0.77	81.27425705	1197.991981	1279.266238	0.701875796	0.465280901	0.938470692
608	0.48	7.996409248	1271.965545	1279.961954	0.701803051	0.465208144	0.938397957
609	0.76	9.171854212	1281.794759	1290.966613	0.700651404	0.464056314	0.937246494
610	0.81	238.0088411	1053.441821	1291.450662	0.700600706	0.464005608	0.937195805
611	0.69	100.6722584	1191.279436	1291.951694	0.700548226	0.463953118	0.937143333
612	0.67	83.17815522	1213.752903	1296.931059	0.700026456	0.463431258	0.936621654
613	0.52	250.2926928	1054.761879	1305.054572	0.699174421	0.462579066	0.935769775
614	0.73	142.0811801	1164.587597	1306.668777	0.699004996	0.462409609	0.935600383
615	0.72	200.8915398	1109.807369	1310.698909	0.698581828	0.461986359	0.935177298
616	0.85	120.6267764	1190.126655	1310.753432	0.698576102	0.461980631	0.935171572
617	0.82	-48.92960835	1364.108815	1315.179206	0.698111106	0.461515541	0.93470667
618	0.75	-54.46208939	1372.921194	1318.459105	0.697766311	0.461170675	0.934361948
619	0.64	857.5841811	463.4193369	1321.003518	0.697498723	0.460903029	0.934094416
620	0.6	188.3141135	1133.453608	1321.767722	0.697418334	0.460822623	0.934014045
621	0.54	687.9511662	636.756573	1324.707739	0.697108986	0.460513207	0.933704765
622	0.79	595.0616405	740.2251506	1335.286791	0.695994786	0.459398751	0.93259082
623	0.8	805.7318718	530.7671418	1336.499014	0.695867005	0.45927094	0.93246307
624	0.85	461.7741736	875.689702	1337.463876	0.695765284	0.459169194	0.932361373
625	0.8	-12.27508676	1350.055331	1337.780244	0.695731927	0.459135829	0.932328025
626	0.67	459.7411054	880.0649412	1339.806047	0.695518299	0.45892215	0.932114449
627	0.77	61.35580984	1278.464145	1339.819954	0.695516833	0.458920683	0.932112983
628	0.79	35.3827859	1316.653646	1352.036432	0.694227259	0.45763078	0.930823738
629	0.81	64.52318064	1289.049547	1353.572727	0.694064929	0.457468407	0.930661452
630	0.5	-41.55146056	1413.535475	1371.984015	0.692116791	0.455519718	0.928713864
631	0.73	-135.2771415	1508.968892	1373.691751	0.691935836	0.455338709	0.928532963
632	0.79	65.49296183	1310.441937	1375.934899	0.69169808	0.455100882	0.928295279
633	0.84	89.04500784	1287.050173	1376.095181	0.691681089	0.455083885	0.928278293
634	0.42	817.0480454	574.1887192	1391.236765	0.69007421	0.453476497	0.926671923
635	0.56	-105.8573531	1497.17054	1391.313187	0.690066091	0.453468375	0.926663807
636	0.4	217.3016791	1177.093312	1394.394991	0.689738618	0.453140793	0.926336442
637	0.69	374.7091215	1022.555462	1397.264583	0.689433567	0.45283564	0.926031494
638	0.78	577.8838487	820.520076	1398.403925	0.689312416	0.452714447	0.925910385
639	0.32	-64.98468335	1466.367859	1401.383176	0.688995528	0.452397451	0.925593606
640	0.82	270.2316981	1134.768351	1405.000049	0.688610643	0.452012431	0.925208855
641	0.92	359.8608926	1048.702406	1408.563298	0.688231274	0.451632927	0.924829621
642	0.73	382.3596826	1027.346462	1409.706145	0.688109559	0.451511168	0.924707949
643	0.62	190.6506486	1230.686111	1421.33676	0.686869774	0.450270925	0.923468623
644	0.81	368.9659583	1062.914842	1431.8808	0.685744085	0.449144798	0.922343371
645	0.6	1128.776437	305.3544762	1434.130913	0.685503648	0.448904265	0.922103031
646	0.74	99.47842806	1335.69917	1435.177598	0.685391779	0.448792351	0.921991207
647	0.79	306.5044436	1129.844972	1436.349416	0.685266516	0.448667037	0.921865995
648	0.74	-50.89041901	1505.227638	1454.337219	0.683341149	0.446740861	0.919941438
649	0.75	175.8035771	1279.70588	1455.509457	0.68321551	0.446615167	0.919815854
650	0.33	173.3813983	1283.858248	1457.239646	0.683030034	0.446429609	0.919630459
651	0.71	413.147522	1050.550352	1463.697874	0.682337324	0.44573659	0.918938058
652	0.9	949.9997649	533.0674598	1483.067225	0.68025609	0.443654379	0.9168578
653	0.78	-33.72824973	1520.418526	1486.690276	0.679866182	0.443264281	0.916468083
654	0.6	304.9554831	1185.413692	1490.369176	0.679470068	0.442867971	0.916072165
655	0.68	-185.1212262	1677.064718	1491.943491	0.679300498	0.442698316	0.91590268
656	0.74	411.3459798	1084.234071	1495.58005	0.678908664	0.442306284	0.915511043
657	0.32	224.902201	1271.981239	1496.88344	0.678768178	0.442165727	0.915370629
658	0.59	696.4957854	803.9515008	1500.447286	0.678383923	0.441781275	0.914986571
659	0.66	88.24354529	1413.121907	1501.365452	0.678284896	0.441682196	0.914887596
660	0.71	423.9764704	1085.945386	1509.921856	0.677361469	0.440758285	0.913964654
661	0.64	72.01668449	1445.116109	1517.132794	0.676582419	0.439978814	0.913186024
662	0.66	356.9533674	1160.377283	1517.33065	0.676561032	0.439957415	0.913164649
663	0.38	-100.7288591	1619.521802	1518.792943	0.676402953	0.43979925	0.913006657
664	0.55	161.5740753	1366.03671	1527.610786	0.675449054	0.438844819	0.912053288
665	0.63	140.1100463	1391.600626	1531.710673	0.675005149	0.438400662	0.911609636
666	0.34	-165.5876929	1698.402472	1532.814779	0.674885563	0.438281008	0.911490118
667	0.73	607.2582895	926.4280055	1533.686295	0.674791156	0.438186547	0.911395766
668	0.56	383.9574574	1152.003758	1535.961215	0.674544675	0.437939923	0.911149426
669	0.68	36.34828737	1500.692624	1537.040911	0.674427666	0.437822846	0.911032486
670	0.58	959.8989338	577.8752533	1537.774187	0.67434819	0.437743324	0.910953056
671	0.39	250.3210805	1291.164986	1541.486066	0.673945758	0.437340656	0.91055086
672	0.68	-228.5403467	1775.155155	1546.614808	0.673389384	0.436783952	0.909994817
673	0.76	298.9999545	1249.51084	1548.510794	0.673183608	0.436578052	0.909789164
674	0.5	1042.398011	514.5763237	1556.974335	0.672264404	0.435658287	0.90887052
675	0.94	134.1759086	1425.021713	1559.197622	0.672022766	0.4354165	0.908629032
676	0.61	171.8464199	1387.46805	1559.31447	0.672010064	0.43540379	0.908616338
677	0.5	301.5640971	1259.431651	1560.995748	0.671827284	0.435220896	0.908433672
678	0.81	335.9233728	1226.81798	1562.741353	0.671637467	0.435030961	0.908243974
679	0.47	721.7163879	841.5651842	1563.281572	0.671578715	0.434972172	0.908185259
680	0.57	471.6515573	1091.79643	1563.447988	0.671560616	0.43495406	0.908167171
681	0.59	643.4309983	923.0875305	1566.518529	0.671226587	0.434619821	0.907833353
682	0.7	364.9590128	1211.826759	1576.785772	0.670108677	0.433501191	0.906716164
683	0.72	-203.863203	1781.08486	1577.221657	0.670061184	0.433453666	0.906668701
684	0.36	175.9215088	1403.2166	1579.138108	0.669852337	0.433244683	0.906459992
685	0.61	1011.7533	569.5879809	1581.341281	0.66961218	0.433004367	0.906219993
686	0.78	475.8610486	1113.058362	1588.91941	0.66878559	0.432177224	0.905393955
687	0.65	1031.897853	561.4068656	1593.304719	0.66830688	0.431698189	0.904915572
688	0.57	179.064463	1417.926248	1596.990711	0.667904296	0.431295328	0.904513264
689	0.84	-94.52802196	1697.89898	1603.370958	0.667206982	0.430597528	0.903816436
690	0.52	370.1614089	1239.390643	1609.552052	0.666530877	0.429920944	0.90314081
691	0.68	150.7708642	1459.413236	1610.1841	0.666461711	0.429851728	0.903071693
692	0.85	255.0862224	1370.431981	1625.518204	0.664781916	0.428170708	0.901393124
693	0.65	336.6382402	1289.084541	1625.722781	0.664759482	0.428148258	0.901370707
694	0.61	300.0555916	1326.380833	1626.436425	0.664681221	0.428069938	0.901292504
695	0.69	688.2430603	939.2291036	1627.472164	0.664567625	0.427956257	0.901178992
696	0.54	122.506593	1507.589906	1630.096499	0.664279727	0.427668143	0.900891311
697	0.84	322.3855557	1308.341758	1630.727314	0.66421051	0.427598874	0.900822146
698	0.84	485.0243344	1146.27139	1631.295725	0.664148136	0.427536453	0.900759819
699	0.73	257.9755191	1377.558347	1635.533866	0.663682918	0.427070882	0.900294954
700	0.45	221.2241263	1415.266539	1636.490666	0.663577855	0.426965739	0.900189971
701	0.81	63.69562413	1574.510862	1638.206486	0.663389414	0.426777154	0.900001675
702	0.75	194.2272636	1453.812855	1648.040118	0.662308619	0.425695518	0.89892172
703	0.67	392.8738899	1262.962712	1655.836602	0.661450742	0.42483696	0.898064524
704	0.91	213.2302323	1444.063116	1657.293349	0.661290354	0.424676444	0.897904265
705	0.29	301.9083076	1356.248138	1658.156445	0.661195313	0.424581326	0.8978093
706	0.66	389.4823516	1269.131536	1658.613888	0.661144937	0.42453091	0.897758965
707	0.56	247.3271249	1413.541329	1660.868453	0.660896608	0.42428238	0.897510836
708	0.83	540.3390337	1124.63697	1664.976004	0.660443995	0.423829398	0.897058593
709	0.48	19.60926361	1651.626418	1671.235681	0.659753778	0.423138611	0.896368944
710	0.37	683.7973284	988.6688803	1672.466209	0.659618029	0.42300275	0.896233308
711	0.57	-74.2917209	1748.226657	1673.934936	0.659455975	0.42284056	0.896071389
712	0.84	456.8368413	1217.701967	1674.538809	0.659389337	0.422773866	0.896004807
713	0.69	667.641979	1011.075671	1678.71765	0.658928054	0.422312196	0.895543913
714	0.75	227.7180568	1452.890474	1680.608531	0.658719247	0.422103212	0.895335283
715	0.7	348.4833611	1332.737902	1681.221263	0.658651574	0.422035481	0.895267666
716	0.87	273.2408148	1409.19659	1682.437405	0.65851724	0.421901033	0.895133447
717	0.58	850.6310932	831.9215419	1682.552635	0.65850451	0.421888293	0.895120728
718	0.49	102.4319136	1583.514249	1685.946163	0.658129548	0.421513009	0.894746086
719	0.88	54.21693502	1634.458779	1688.675714	0.657827832	0.421211033	0.894444631
720	0.65	409.1660015	1286.227561	1695.393562	0.657084813	0.420467367	0.893702258
721	0.52	722.7351312	972.97948	1695.714611	0.657049287	0.420431811	0.893666764
722	0.44	568.9977952	1132.574218	1701.572013	0.656400889	0.419782839	0.893018938
723	0.75	876.3297971	826.0967379	1702.426535	0.656306255	0.419688121	0.892924389
724	0.69	479.598268	1234.762948	1714.361216	0.654983472	0.418364144	0.8916028
725	0.81	528.3973999	1186.701	1715.0984	0.6549017	0.418282298	0.891521103
726	0.68	341.8313999	1376.858985	1718.690385	0.654503151	0.417883382	0.89112292
727	0.63	280.967875	1447.205931	1728.173806	0.653450042	0.416829292	0.890070792
728	0.33	363.3126706	1376.558618	1739.871288	0.652149323	0.415527334	0.888771313
729	0.76	430.8401575	1310.620814	1741.460972	0.651972408	0.415350247	0.888594568
730	0.69	566.9831414	1176.981899	1743.96504	0.651693658	0.415071227	0.888316089
731	0.58	597.849062	1147.760329	1745.609391	0.651510563	0.414887954	0.888133172
732	0.77	754.1678495	1007.931228	1762.099078	0.649672377	0.413047944	0.886296809
733	0.69	440.3760341	1329.809693	1770.185727	0.648769527	0.412144176	0.885394877
734	0.81	287.6425423	1483.38963	1771.032172	0.648674971	0.412049523	0.885300418
735	0.52	387.0238913	1387.559117	1774.583008	0.648278199	0.411652344	0.884904055
736	0.78	952.5563342	822.8995722	1775.455906	0.648180635	0.411554678	0.884806591
737	0.59	33.65337269	1745.871825	1779.525197	0.647725665	0.411099236	0.884352095
738	0.82	730.8548041	1055.437799	1786.292603	0.646968519	0.410341295	0.883595744
739	0.8	319.0509808	1467.606926	1786.657907	0.646927631	0.410300363	0.883554898
740	0.66	390.3781411	1407.000351	1797.378492	0.645726837	0.409098287	0.882355388
741	0.64	507.5840976	1297.579778	1805.163875	0.644853809	0.408224309	0.881483308
742	0.75	246.1702889	1566.147489	1812.317778	0.644050849	0.407420464	0.880681234
743	0.59	392.8102424	1427.234773	1820.045016	0.643182741	0.406551386	0.879814096
744	0.81	559.2850278	1264.83435	1824.119378	0.642724677	0.406092805	0.87935655
745	0.58	285.8542321	1538.577722	1824.431954	0.642689526	0.406057614	0.879321439
746	0.87	-108.7650335	1935.897876	1827.132842	0.642385738	0.405753481	0.879017996
747	0.84	933.0411105	899.097063	1832.138174	0.641822487	0.405189584	0.878455389
748	0.58	372.388448	1462.770258	1835.158706	0.641482418	0.404849123	0.878115712
749	0.46	698.6765867	1137.444	1836.120587	0.641374097	0.404740677	0.878007517
750	0.69	369.8687111	1467.007044	1836.875755	0.641289046	0.404655527	0.877922565
751	0.61	262.7740381	1575.037487	1837.811525	0.641183644	0.404550003	0.877817285
752	0.53	642.8462979	1199.505676	1842.351974	0.64067205	0.404037812	0.877306288
753	0.74	222.1580477	1626.000936	1848.158984	0.640017332	0.403382323	0.87665234
754	0.84	396.7688222	1455.556844	1852.325666	0.639547268	0.402911701	0.876182834
755	0.71	473.4558777	1380.993805	1854.449683	0.639307555	0.402671702	0.875943408
756	0.75	699.2771129	1158.120726	1857.397839	0.638974728	0.402338476	0.87561098
757	0.54	214.0576073	1649.937703	1863.99531	0.638229485	0.401592332	0.874866638
758	0.5	557.7985972	1306.478654	1864.277251	0.638197624	0.401560432	0.874834815
759	0.72	706.1190283	1159.623495	1865.742524	0.638032021	0.401394628	0.874669415
760	0.59	1090.197569	784.6987612	1874.89633	0.636996807	0.400358141	0.873635472
761	0.72	911.0355113	965.6481442	1876.683655	0.636794542	0.400155625	0.873433458
762	0.7	797.281801	1080.977312	1878.259113	0.636616216	0.399977078	0.873255355
763	0.47	134.0443025	1747.977499	1882.021802	0.636190182	0.399550512	0.872829853
764	0.64	548.7572911	1339.919365	1888.676656	0.635436205	0.398795584	0.872076825
765	0.8	584.1643264	1306.963766	1891.128093	0.63515831	0.398517337	0.871799284
766	0.72	457.2004601	1438.284504	1895.484964	0.634664214	0.398022609	0.871305818
767	0.53	855.6054117	1041.129364	1896.734775	0.634522429	0.397880643	0.871164216
768	0.68	543.953373	1354.8883	1898.841673	0.634283365	0.397641271	0.870925459
769	0.58	715.4709542	1194.509311	1909.980266	0.633018488	0.396374749	0.869662227
770	0.63	660.6203529	1256.826304	1917.446657	0.632169671	0.395524812	0.868814531
771	0.53	791.5358002	1128.546789	1920.082589	0.631869824	0.395224565	0.868515082
772	0.68	73.67985625	1850.425932	1924.105788	0.631411987	0.394766116	0.868057858
773	0.7	875.4395943	1052.237858	1927.677452	0.63100535	0.394358932	0.867651769
774	0.48	129.9326603	1800.919878	1930.852538	0.630643719	0.393996811	0.867290626
775	0.51	924.1808528	1011.070557	1935.25141	0.630142476	0.393494886	0.866790065
776	0.69	608.5568348	1327.312141	1935.868975	0.630072084	0.393424398	0.86671977
777	0.54	540.8382476	1398.036766	1938.875013	0.629729375	0.39308122	0.866377531
778	0.58	874.6682359	1065.298419	1939.966655	0.629604891	0.392956564	0.866253217
779	0.44	649.0882973	1299.119793	1948.20809	0.628664561	0.392014932	0.865314189
780	0.72	345.0715439	1607.687537	1952.759081	0.628144908	0.391494552	0.864795263
781	0.78	594.7344332	1380.413543	1975.147977	0.625584365	0.388930355	0.862238376
782	0.64	1106.68817	875.8068984	1982.495069	0.624742629	0.38808739	0.861397868
783	0.79	42.18246879	1942.559264	1984.741733	0.62448509	0.387829473	0.861140708
784	0.61	556.5347929	1442.604586	1999.139378	0.622833051	0.386174975	0.859491127
785	0.61	555.0003239	1445.255433	2000.255757	0.622704837	0.386046569	0.859363106
786	0.54	1041.345266	961.9341553	2003.279422	0.622357492	0.385698699	0.859016285
787	0.67	487.6758781	1516.713218	2004.389096	0.622229987	0.385571001	0.858888972
788	0.75	66.25459965	1939.058194	2005.312793	0.622123838	0.385464691	0.858782985
789	0.7	825.1215642	1180.284666	2005.40623	0.6221131	0.385453937	0.858772263
790	0.4	287.2022594	1721.865179	2009.067439	0.621692248	0.385032444	0.858352051
791	0.82	631.1374274	1380.02734	2011.164768	0.621451081	0.384790909	0.858111253
792	0.68	644.1940751	1367.524096	2011.718171	0.621387437	0.384727167	0.858047706
793	0.52	220.8499055	1796.707518	2017.557423	0.620715642	0.38405434	0.857376944
794	0.71	606.4524523	1412.029984	2018.482436	0.620609179	0.383947712	0.857270646
795	0.7	363.0250224	1665.686842	2028.711864	0.619431078	0.382767776	0.856094379
796	0.66	264.7092231	1765.249617	2029.95884	0.61928737	0.382623844	0.855950897
797	0.66	993.8011623	1041.616003	2035.417165	0.618658084	0.381993565	0.855322604
798	0.63	840.4091211	1197.966562	2038.375683	0.618316833	0.381651772	0.854981894
799	0.49	-166.619398	2207.71058	2041.091182	0.61800351	0.381337951	0.85466907
800	0.73	503.8225103	1541.340648	2045.163159	0.617533489	0.380867177	0.854199801
801	0.71	690.0021729	1357.032279	2047.034452	0.617317415	0.380650756	0.853984074
802	0.48	1223.807271	825.4550576	2049.262328	0.617060106	0.380393032	0.85372718
803	0.42	557.0605994	1493.783233	2050.843833	0.61687741	0.380210041	0.853544779
804	0.57	138.8280563	1913.240833	2052.068889	0.616735868	0.38006827	0.853403466
805	0.52	739.7146989	1312.736206	2052.450905	0.616691726	0.380024056	0.853359395
806	0.75	343.6709612	1710.179914	2053.850875	0.616529943	0.379862011	0.853197875
807	0.55	496.0996877	1561.714648	2057.814335	0.616071778	0.3794031	0.852740456
808	0.7	613.7806228	1446.05704	2059.837662	0.615837807	0.379168746	0.852506867
809	0.63	193.7623533	1880.660114	2074.422468	0.614149658	0.377477806	0.85082151
810	0.72	803.4139636	1271.347532	2074.761495	0.614110383	0.377438465	0.850782301
811	0.73	743.3328787	1332.394804	2075.727683	0.613998446	0.377326341	0.850670551
812	0.59	554.6594841	1526.748864	2081.408348	0.613340065	0.376666855	0.850013276
813	0.33	-18.33044039	2102.436905	2084.106465	0.613027208	0.376353469	0.849700947
814	0.63	569.7531987	1517.988107	2087.741306	0.612605582	0.375931128	0.849280036
815	0.69	1166.631529	925.419645	2092.051174	0.61210543	0.375430124	0.848780736
816	0.5	762.3910793	1329.932644	2092.323724	0.612073793	0.375398432	0.848749153
817	0.69	646.2036937	1449.234482	2095.438176	0.611712203	0.375036223	0.848388183
818	0.49	157.1498477	1939.673308	2096.823155	0.611551365	0.374875108	0.848227621
819	0.34	241.5404194	1867.90447	2109.44489	0.610084434	0.373405634	0.846763235
820	0.68	62.24035641	2049.861125	2112.101481	0.609775412	0.37309607	0.846454754
821	0.56	50.15431672	2070.247436	2120.401753	0.608809301	0.372128255	0.845490348
822	0.73	647.5259828	1476.83467	2124.360653	0.608348187	0.371666321	0.845030053
823	0.86	297.5469146	1828.323121	2125.870035	0.608172327	0.371490147	0.844854507
824	0.37	553.8931926	1574.605994	2128.499187	0.60786593	0.371183202	0.844548658
825	0.64	732.6574112	1400.891665	2133.549076	0.60727717	0.370593384	0.843960956
826	0.58	553.5206274	1581.842606	2135.363233	0.607065578	0.37038141	0.843749747
827	0.64	892.6056564	1251.386083	2143.99174	0.606058616	0.369372617	0.842744614
828	0.77	665.7080403	1498.69483	2164.402871	0.603672732	0.366982318	0.840363145
829	0.6	849.6202501	1320.517491	2170.137741	0.603001399	0.366309723	0.839693075
830	0.53	140.8084322	2033.347743	2174.156175	0.60253074	0.365838174	0.839223307
831	0.56	832.6195026	1347.269325	2179.888827	0.601858941	0.365165096	0.838552786
832	0.77	1052.109455	1129.36945	2181.478905	0.601672527	0.364978326	0.838366729
833	0.67	914.5563722	1276.017899	2190.574271	0.600605596	0.363909343	0.83730185
834	0.41	317.0617183	1876.318213	2193.379932	0.600276262	0.363579371	0.836973154
835	0.47	741.3113141	1453.473095	2194.784409	0.600111364	0.363414152	0.836808576
836	0.4	661.8040063	1533.38509	2195.189096	0.600063845	0.363366541	0.83676115
837	0.82	393.4194661	1805.369888	2198.789354	0.599641007	0.362942878	0.836339135
838	0.42	738.3401347	1461.396727	2199.736862	0.599529697	0.362831351	0.836228043
839	0.63	1073.243778	1136.357882	2209.60166	0.59837013	0.361669503	0.835070757
840	0.76	825.0652735	1384.59127	2209.656543	0.598363675	0.361663036	0.835064315
841	0.76	610.4304443	1600.811129	2211.241573	0.598177243	0.361476234	0.834878253
842	0.78	605.7943689	1607.355199	2213.149568	0.597952781	0.361251327	0.834654236
843	0.53	445.3204095	1768.544124	2213.864534	0.597868658	0.361167037	0.83457028
844	0.8	628.7777711	1587.380438	2216.158209	0.59759874	0.360896581	0.8343009
845	0.74	751.4161721	1466.333312	2217.749485	0.59741144	0.360708907	0.834113973
846	0.64	-84.40777317	2303.477501	2219.069728	0.597256017	0.360553174	0.833958861
847	0.71	591.8330126	1630.313793	2222.146806	0.596893687	0.360190117	0.833597257
848	0.29	861.5317922	1362.4555	2223.987292	0.59667691	0.359972904	0.833380915
849	0.65	1012.076096	1225.060944	2237.13704	0.595126827	0.358419679	0.831833976
850	0.62	383.4878377	1853.815839	2237.303676	0.59510717	0.358399982	0.831814359
851	0.65	405.7462496	1834.243562	2239.989811	0.594790252	0.358082415	0.831498089
852	0.68	128.3256773	2130.033361	2258.359038	0.59262052	0.355908189	0.829332851
853	0.63	676.9060656	1582.125655	2259.031721	0.592540983	0.355828485	0.82925348
854	0.94	1342.592651	918.7924988	2261.38515	0.592262669	0.355549587	0.82897575
855	0.56	500.9867627	1767.924883	2268.911646	0.59137212	0.354657161	0.82808708
856	0.68	604.3613408	1664.711067	2269.072408	0.591353091	0.354638091	0.82806809
857	0.51	488.9810194	1782.241986	2271.223005	0.591098491	0.354382952	0.827814031
858	0.6	558.1360326	1722.127374	2280.263407	0.590027594	0.35330977	0.826745419
859	0.61	927.8455559	1356.302307	2284.147862	0.589567135	0.352848321	0.82628595
860	0.3	437.5976405	1861.363572	2298.961213	0.587809418	0.351086787	0.82453205
861	0.51	413.242799	1888.923983	2302.166783	0.587428687	0.35070522	0.824152154
862	0.6	552.0360412	1750.490232	2302.526273	0.587385982	0.350662421	0.824109542
863	0.47	668.9333235	1637.066811	2306.000135	0.586973222	0.350248753	0.823697691
864	0.49	553.1804364	1766.704938	2319.885375	0.585321874	0.348593734	0.822050013
865	0.5	-103.0438639	2446.081104	2343.03724	0.582563057	0.345828663	0.819297451
866	0.55	501.6435236	1844.24594	2345.889464	0.582222715	0.345487539	0.818957891
867	0.34	491.5310419	1868.914145	2360.445187	0.580484263	0.343745054	0.817223471
868	0.22	557.299212	1809.66113	2366.960342	0.579705271	0.342964236	0.816446306
869	0.8	1238.763435	1132.930609	2371.694044	0.579138948	0.342396577	0.815881319
870	0.72	445.8144952	1937.064518	2382.879013	0.577799708	0.341054152	0.814545264
871	0.46	759.0609433	1648.835552	2407.896495	0.574798591	0.338045766	0.811551416
872	0.56	955.434158	1466.761501	2422.195659	0.573079768	0.336322697	0.809836839
873	0.51	890.4146824	1534.701588	2425.116271	0.572728387	0.33597044	0.809486333
874	0.58	-12.4218115	2454.248878	2441.827066	0.570715875	0.333952865	0.807478884
875	0.66	1375.858169	1067.282829	2443.140998	0.57055749	0.333794078	0.807320901
876	0.56	722.8842847	1720.594532	2443.478817	0.570516765	0.33375325	0.807280279
877	0.58	742.4504965	1701.46383	2443.914327	0.57046426	0.333700612	0.807227909
878	0.62	1059.543756	1406.096721	2465.640477	0.567842051	0.331071668	0.804612434
879	0.6	692.9209734	1772.729739	2465.650713	0.567840814	0.331070428	0.8046112
880	0.42	518.6533801	1947.453588	2466.106968	0.567785685	0.331015156	0.804556214
881	0.64	716.8287302	1749.329469	2466.1582	0.567779494	0.331008949	0.80455004
882	0.56	620.1238918	1848.164324	2468.288216	0.56752209	0.330750876	0.804293304
883	0.24	623.1078944	1852.147674	2475.255569	0.566679725	0.329906311	0.803453138
884	0.22	801.4383614	1693.691837	2495.130198	0.564273592	0.327493817	0.801053367
885	0.4	559.1546484	1950.075305	2509.229954	0.562563685	0.325779316	0.799348053
886	0.68	732.1249656	1802.810014	2534.93498	0.559440186	0.32264727	0.796233101
887	0.66	891.6970556	1650.594444	2542.291499	0.558544804	0.321749401	0.795340207
888	0.65	822.1805669	1732.38718	2554.567747	0.557049179	0.320249584	0.793848773
889	0.42	832.4019331	1725.115778	2557.517712	0.556689512	0.319888902	0.793490122
890	0.64	471.1523678	2088.577972	2559.73034	0.556419675	0.319618302	0.793221048
891	0.52	952.9334068	1614.141559	2567.074966	0.555523554	0.318719635	0.792327473
892	0.51	40.01473745	2530.378074	2570.392811	0.55511853	0.318313455	0.791923605
893	0.44	965.8577962	1607.416205	2573.274001	0.554766704	0.317960622	0.791572786
894	0.58	532.8474399	2047.180754	2580.028194	0.553941551	0.317133098	0.790750005
895	0.62	960.4620051	1619.733169	2580.195174	0.553921145	0.317112632	0.790729657
896	0.66	1066.35667	1515.407117	2581.763787	0.553729428	0.316920362	0.790538494
897	0.48	567.8692829	2017.754284	2585.623567	0.553257558	0.316447128	0.790067989
898	0.72	432.64567	2157.495605	2590.141275	0.552705029	0.315892995	0.789517064
899	0.41	764.8571794	1841.623267	2606.480446	0.550704673	0.313886778	0.787522568
900	0.63	1181.808421	1431.25709	2613.065511	0.549897587	0.313077304	0.786717869
901	0.89	729.3614966	1888.983109	2618.344605	0.549250193	0.312427985	0.786072401
902	0.35	618.1474955	2005.995745	2624.143241	0.548538707	0.311714373	0.785363041
903	0.67	808.0379889	1821.147283	2629.185272	0.547919732	0.311093539	0.784745924
904	0.34	1121.714417	1514.176975	2635.891392	0.547096003	0.310267325	0.783924681
905	0.34	760.7150804	1879.171491	2639.886571	0.546605014	0.309774848	0.78343518
906	0.4	465.339132	2174.889537	2640.228669	0.546562963	0.309732669	0.783393256
907	0.49	688.1014901	1962.429505	2650.530995	0.545295945	0.308461786	0.782130103
908	0.44	939.2657229	1716.32579	2655.591513	0.544673127	0.307837056	0.781509198
909	0.46	1055.692444	1609.712518	2665.404962	0.543464491	0.306624687	0.780304296
910	0.58	1071.248094	1605.001198	2676.249292	0.542127579	0.305283609	0.778971549
911	0.52	996.5020411	1706.25723	2702.759271	0.538853596	0.301999265	0.775707926
912	0.69	872.8793095	1839.955638	2712.834948	0.537607107	0.300748772	0.774465441
913	0.58	675.5959786	2043.326085	2718.922064	0.536853483	0.299992712	0.773714254
914	0.35	687.2861119	2032.86848	2720.154592	0.536700836	0.29983957	0.773562102
915	0.49	318.2848992	2402.186198	2720.471097	0.536661634	0.299800241	0.773523028
916	0.51	1345.153493	1391.319886	2736.473379	0.534678122	0.29781025	0.771545993
917	0.43	767.9520365	1972.056628	2740.008664	0.534239518	0.297370203	0.771108833
918	0.93	785.6148699	1963.129761	2748.744631	0.533155078	0.296282176	0.77002798
919	0.52	712.5890336	2065.662242	2778.251276	0.529485796	0.292600572	0.766371019
920	0.52	1110.179866	1683.481673	2793.661539	0.527565508	0.290673723	0.764457293
921	0.36	550.7679849	2243.358791	2794.126775	0.527507493	0.290615508	0.764399477
922	0.41	398.3072158	2403.237443	2801.544659	0.526582141	0.289686966	0.763477317
923	0.31	895.2015958	1929.331789	2824.533385	0.523710428	0.286805234	0.760615622
924	0.52	380.7246552	2444.599382	2825.324037	0.523611554	0.286706012	0.760517097
925	0.62	1046.557241	1778.77867	2825.335911	0.52361007	0.286704522	0.760515617
926	0.67	893.3661083	1935.060967	2828.427075	0.523223443	0.286316533	0.760130353
927	0.65	1341.629017	1496.433324	2838.062341	0.522017623	0.285106442	0.758928805
928	0.32	930.9382031	1927.342978	2858.281181	0.519483915	0.282563658	0.756404173
929	0.46	732.7620229	2137.187861	2869.949883	0.518019577	0.281094012	0.754945142
930	0.51	1041.398108	1834.395519	2875.793626	0.517285658	0.280357415	0.7542139
931	0.39	1326.111237	1560.352071	2886.463308	0.515944665	0.279011501	0.752877829
932	0.64	628.6993148	2268.23523	2896.934544	0.514627382	0.277689347	0.751565418
933	0.62	876.0261832	2039.409495	2915.435679	0.512296968	0.275350223	0.749243713
934	0.69	626.5998023	2288.899286	2915.499088	0.512288974	0.275342199	0.749235749
935	0.76	111.7221738	2819.066116	2930.78829	0.510360274	0.273406203	0.747314345
936	0.43	455.6364645	2506.382273	2962.018738	0.506412643	0.269443391	0.743381894
937	0.47	829.908419	2132.977638	2962.886057	0.506302858	0.26933318	0.743272537
938	0.33	1032.808159	1936.284905	2969.093064	0.505516943	0.2685442	0.742489686
939	0.9	1357.637596	1613.779735	2971.417331	0.505222542	0.268248649	0.742196436
940	0.41	1009.495309	1970.75116	2980.24647	0.504103673	0.267125388	0.741081959
941	0.31	1314.170015	1667.080929	2981.250944	0.503976328	0.266997541	0.740955115
942	0.66	1009.53811	1988.390653	2997.928763	0.501860348	0.264873177	0.738847519
943	0.58	1183.285374	1816.227647	2999.513021	0.50165919	0.264671217	0.738647164
944	0.49	1050.267991	1960.646964	3010.914956	0.500210656	0.263216881	0.73720443
945	0.57	902.9734677	2115.046812	3018.02028	0.499307266	0.26230985	0.736304681
946	0.36	725.4028836	2310.129584	3035.532467	0.497078403	0.26007193	0.734084875
947	0.57	1010.013289	2028.202163	3038.215452	0.496736635	0.259728764	0.733744506
948	0.63	1316.854128	1722.431459	3039.285587	0.496600296	0.259591867	0.733608726
949	0.57	1063.565577	2001.845079	3065.410657	0.493268082	0.256245879	0.730290285
950	0.46	863.6136624	2205.917996	3069.531658	0.492741791	0.255717391	0.729766191
951	0.24	595.8548602	2482.743081	3078.597942	0.491583305	0.254554048	0.728612562
952	0.5	1790.130983	1291.367997	3081.49898	0.491212428	0.25418161	0.728243246
953	0.55	1473.255942	1620.831771	3094.087713	0.489602016	0.252564385	0.726639647
954	0.39	1305.402926	1819.434531	3124.837458	0.485661341	0.248606804	0.722715878
955	0.5	1182.447495	1946.085571	3128.533066	0.48518707	0.248130476	0.722243664
956	0.48	1018.965106	2111.616017	3130.581123	0.484924174	0.247866437	0.72198191
957	0.59	1483.980637	1699.792043	3183.77268	0.478081023	0.24099303	0.715169017
958	0.47	910.3291036	2276.915396	3187.2445	0.477633352	0.240543344	0.71472336
959	0.52	1619.645328	1567.681093	3187.326421	0.477622788	0.240532732	0.714712843
960	0.45	1250.002599	1962.892782	3212.895381	0.474321983	0.237216941	0.711427026
961	0.27	1199.997136	2021.915887	3221.913023	0.473156262	0.236045871	0.710266653
962	0.28	1049.789423	2193.863653	3243.653077	0.470342495	0.233219074	0.707465916
963	0.5	916.8764439	2348.000427	3264.876871	0.467590925	0.230454597	0.704727253
964	0.42	793.6362282	2473.16396	3266.800188	0.467341351	0.230203844	0.704478858
965	0.61	1279.555056	2002.48848	3282.043535	0.465362023	0.228215121	0.702508925
966	0.31	820.6239151	2492.968738	3313.592653	0.461258023	0.224091371	0.698424674
967	0.31	1095.946429	2229.966591	3325.91302	0.459652663	0.222478188	0.696827138
968	0.4	1000.465604	2330.661759	3331.127363	0.458972774	0.221794969	0.696150579
969	0.46	1007.975049	2324.341895	3332.316944	0.458817629	0.221639063	0.695996196
970	0.38	1365.573946	1968.807707	3334.381653	0.458548317	0.221368428	0.695728206
971	0.49	491.6675788	2852.310515	3343.978094	0.457296044	0.220109984	0.694482104
972	0.63	1234.590858	2114.992637	3349.583495	0.456564155	0.219374474	0.693753837
973	0.42	1167.39314	2212.724236	3380.117376	0.45257198	0.215362339	0.689781621
974	0.28	966.5086867	2428.680738	3395.189425	0.450598017	0.21337838	0.687817654
975	0.34	938.692735	2456.500144	3395.192879	0.450597564	0.213377925	0.687817203
976	0.51	1372.992185	2034.87407	3407.866255	0.448936044	0.211707927	0.686164161
977	0.56	1455.625235	2001.397909	3457.023144	0.44247677	0.205215134	0.679738407
978	0.21	859.7547139	2600.866319	3460.621033	0.442003094	0.204738964	0.679267224
979	0.44	2016.623218	1566.649973	3583.273191	0.425782608	0.18843021	0.663135005
980	0.63	1611.003385	1994.359913	3605.363298	0.422846418	0.185477444	0.660215393
981	0.27	899.8155127	2732.969952	3632.785465	0.419195317	0.181805474	0.656585159
982	0.39	1397.330489	2245.816539	3643.147028	0.417813964	0.180416152	0.655211775
983	0.29	1441.644801	2212.624378	3654.269179	0.416330137	0.178923721	0.653736554
984	0.33	1837.42954	1865.929199	3703.358739	0.409767806	0.172322774	0.647212839
985	0.17	1513.915429	2241.561915	3755.477344	0.402777272	0.165290105	0.640264439
986	0.21	1394.946196	2461.280992	3856.227188	0.389197486	0.151625536	0.626769436
987	0.36	1160.389039	2745.175485	3905.564524	0.382516213	0.144901137	0.620131289
988	0.69	1293.212655	2774.1553	4067.367955	0.360465847	0.122701898	0.598229796
989	0.27	1427.894772	2788.998029	4216.892802	0.339907738	0.101996069	0.577819407
990	0.13	1789.054454	2508.091473	4297.145927	0.328805611	0.090810649	0.566800572
991	0.33	1403.539279	2902.635444	4306.174722	0.327553693	0.089549186	0.5655582
992	0.17	1751.726227	2608.655194	4360.381421	0.320025465	0.081962909	0.558088021
993	0.74	1370.636813	3079.720858	4450.357671	0.307485064	0.069323363	0.545646765
994	0.22	1845.660623	2759.645657	4605.306281	0.285764692	0.047424159	0.524105226
995	0.2	1549.594453	3151.691485	4701.285938	0.272235604	0.033779227	0.510691981
